348
348
143
300
292
270
299
292
321
342
339
350
351
351
351
352
351
351
350
350
350
350
349
349
349
349
176
288
305
313
326
334
321
327
332
342
348
351
352
352
351
351
350
350
350
350
350
349
349
348
154
272
281
293
305
317
342
339
344
350
352
352
352
352
352
351
350
350
350
350
350
349
349
349
158
279
293
301
308
324
321
332
340
345
348
351
352
352
352
351
351
350
350
350
350
349
349
349
176
265
304
292
298
322
329
331
340
350
352
352
352
352
352
351
351
350
350
350
350
350
349
349
161
251
281
292
306
317
323
330
338
343
347
349
351
351
351
350
350
350
349
349
349
348
348
348
140
259
270
281
269
309
308
316
332
340
344
348
350
350
350
350
349
350
349
349
349
349
348
348
142
263
282
313
329
332
331
334
341
348
351
352
351
352
352
351
350
350
350
350
350
349
349
349
169
290
300
302
311
327
330
335
334
346
350
352
352
352
352
351
350
350
350
350
350
349
349
349
172
293
306
291
302
314
327
328
335
342
348
351
352
352
351
351
350
350
350
349
349
349
348
348
88
204
212
221
251
256
271
281
292
311
338
332
339
343
346
346
348
346
347
348
348
348
348
348
126
248
263
274
288
295
306
317
327
333
340
347
349
349
349
349
349
349
349
348
348
348
348
348
118
239
249
262
276
281
278
289
295
319
326
337
346
347
348
348
348
348
348
348
347
347
348
348
104
223
230
239
250
266
280
293
287
302
313
327
298
305
313
321
325
331
342
339
342
346
345
61
193
211
227
225
237
250
267
275
314
327
334
347
348
347
346
346
346
346
347
347
347
347
98
211
221
227
255
243
253
235
246
255
263
271
282
291
299
316
323
327
334
341
343
347
344
346
73
188
211
220
229
265
270
282
299
313
326
319
343
345
337
341
345
346
346
348
348
347
347
348
97
229
241
235
247
257
274
285
281
291
308
323
334
340
343
346
349
348
348
347
347
347
347
348
94
213
230
238
250
259
269
278
283
294
285
284
290
300
334
339
348
348
348
348
348
348
348
348
99
220
233
243
256
266
271
302
315
325
337
342
346
347
348
348
348
347
347
348
347
348
348
348
105
224
232
242
245
256
265
276
281
281
290
309
321
335
340
344
344
346
346
346
0
0
0
0
