40
13
2
8
36
84
94
106
110
35
37
36
34
17
17
6
3
2
1
20
53
93
75
59
74
76
65
53
30
22
31
9
8
5
2
1
3
64
154
77
72
76
157
157
110
52
20
12
5
2
1
2
4
36
94
179
100
42
57
97
63
212
54
48
35
6
6
2
3
33
88
115
57
71
62
62
89
190
43
11
4
2
1
36
95
219
122
45
59
84
67
70
62
112
69
48
52
23
17
7
1
5
34
84
210
67
59
87
187
123
39
36
25
16
16
7
2
98
102
95
76
55
30
28
37
34
22
25
12
11
4
1
1
1
6
10
19
49
75
72
82
92
62
48
38
20
6
5
1
1
3
3
31
77
188
94
31
30
47
74
155
95
74
24
12
3
27
99
217
54
35
52
63
47
76
136
51
20
29
7
5
16
54
128
39
35
55
44
68
137
83
56
57
7
2
28
72
38
37
42
60
78
162
144
99
14
5
1
1
8
17
70
158
117
53
77
68
90
139
92
68
52
28
12
8
5
1
3
23
33
59
72
89
101
129
128
83
84
74
41
57
26
39
23
15
1
2
1
3
18
79
93
104
118
91
113
99
105
61
57
28
21
18
8
2
3
1
47
57
64
80
86
93
82
71
33
13
4
3
28
133
83
41
3
7
3
7
32
90
197
109
52
70
78
75
82
197
161
59
28
13
5
2
1
35
101
249
57
84
98
81
70
215
185
152
126
31
21
6
1
5
27
68
217
166
59
78
73
62
97
161
120
96
53
34
27
12
3
2
27
63
70
75
83
67
54
59
45
39
22
13
5
3
2
19
58
99
116
87
110
77
65
55
49
25
28
21
7
1
1
15
84
177
102
40
46
63
57
184
153
106
81
59
35
24
9
5
2
36
238
61
106
68
116
222
225
146
119
45
53
5
10
1
8
30
72
58
28
41
48
36
43
26
24
84
79
38
27
16
9
3
16
60
157
101
49
30
29
31
38
41
80
109
62
58
28
20
8
3
2
5
34
34
78
65
99
120
91
68
58
33
33
29
11
1
12
64
59
97
84
122
109
123
77
55
33
28
21
7
1
2
2
37
72
48
68
54
86
44
86
156
111
56
34
17
3
2
2
3
22
52
135
51
52
54
52
168
108
74
36
16
2
3
4
1
1
3
18
49
155
61
52
64
75
63
103
190
91
75
40
32
12
2
1
39
87
188
133
64
69
51
47
78
175
96
109
54
41
13
7
1
1
7
28
87
220
51
86
82
91
90
205
103
71
43
31
39
18
17
9
4
4
20
34
47
55
60
71
78
84
69
56
45
59
44
20
13
2
1
45
89
117
174
182
157
121
21
26
27
30
15
3
95
118
55
66
64
50
114
175
88
78
37
25
10
4
2
1
3
2
39
100
135
48
65
64
83
101
56
12
17
3
7
43
199
41
61
64
79
166
170
84
16
7
3
6
26
178
122
35
69
62
50
80
160
112
97
72
51
34
7
4
24
74
216
44
71
110
74
211
174
63
47
53
24
15
10
4
1
11
30
43
84
135
120
137
64
40
51
45
32
39
20
12
5
3
12
112
154
161
162
125
61
47
30
11
7
2
2
26
98
256
130
53
126
120
118
243
43
20
5
3
1
110
57
71
82
79
98
206
212
145
101
66
41
20
15
9
1
5
33
108
230
124
69
66
86
82
117
122
255
118
92
17
6
12
47
126
285
179
88
123
81
222
175
124
44
32
7
8
7
50
116
272
169
95
185
172
232
327
224
162
124
72
107
77
29
31
17
7
3
22
45
55
106
123
119
171
120
127
88
59
47
33
17
16
17
1
2
24
55
161
182
212
146
101
42
42
56
47
13
4
1
8
19
63
81
93
103
116
87
80
66
49
29
34
2
7
40
114
106
44
50
58
86
196
167
105
82
6
1
2
8
96
139
51
69
67
78
72
94
209
109
91
61
39
11
7
4
2
4
58
104
57
79
95
63
71
177
137
115
83
55
50
9
10
3
6
11
35
73
49
59
115
83
85
55
102
62
63
50
12
8
2
10
57
85
126
160
174
211
171
183
137
94
68
68
46
34
34
37
22
11
35
59
103
125
259
268
187
127
102
69
69
59
30
8
28
92
142
92
87
36
32
25
35
42
79
131
76
7
3
4
2
46
107
124
68
86
78
79
64
102
242
224
119
63
47
25
8
2
4
5
40
110
148
73
82
125
139
268
150
71
22
1
3
1
8
35
111
220
56
50
72
78
68
71
202
167
70
53
12
2
1
7
29
83
228
66
89
97
87
106
118
187
107
87
70
46
20
1
3
4
15
45
159
167
190
198
204
164
152
70
72
63
44
32
11
3
5
9
22
31
62
7
11
23
11
7
10
9
4
1
1
134
58
60
96
77
122
233
233
145
92
54
35
22
1
2
10
151
99
98
72
248
235
150
76
75
41
9
2
8
49
141
249
57
59
98
99
79
112
194
188
91
62
21
2
3
12
37
44
24
11
34
12
12
14
21
111
56
38
34
6
8
5
7
32
114
156
78
111
107
89
85
223
153
76
64
18
7
2
4
53
101
99
119
166
182
213
145
86
82
63
49
33
23
13
2
10
34
44
221
250
304
256
241
147
77
58
37
28
11
1
1
3
28
241
140
71
94
79
101
271
235
150
129
63
47
14
10
119
157
78
88
90
225
152
88
55
21
8
3
3
1
31
253
154
68
75
88
99
100
101
151
253
237
168
121
59
27
23
8
13
51
185
78
86
105
119
125
142
313
310
137
138
87
50
29
16
14
5
123
280
159
175
174
173
204
332
331
190
149
113
86
51
25
8
2
10
13
76
140
196
267
301
312
313
304
217
154
108
93
72
50
40
24
3
14
136
203
228
279
308
226
156
79
67
38
24
7
6
1
32
98
127
81
112
141
272
276
221
122
91
78
30
11
1
5
60
336
178
124
106
101
134
307
164
135
70
11
7
2
10
118
182
75
71
87
108
84
85
136
238
159
75
22
26
11
3
6
1
1
41
108
124
97
94
83
84
233
214
138
78
62
33
18
5
5
32
104
237
166
68
75
145
133
122
225
198
135
75
43
28
27
25
9
6
8
10
41
66
227
216
203
153
85
63
31
6
54
86
163
164
172
143
159
137
103
57
36
19
6
5
8
110
121
57
83
80
72
252
241
173
112
61
40
19
16
4
3
3
8
50
133
287
172
81
104
86
87
136
299
294
190
132
83
55
35
10
4
4
7
48
136
64
90
80
98
80
116
72
24
12
3
5
5
1
8
36
92
192
132
69
58
90
68
76
168
177
130
85
60
51
27
4
3
12
95
206
75
95
110
167
241
136
74
53
32
32
5
12
55
87
154
198
184
137
190
136
184
179
148
85
77
53
34
24
11
5
33
33
142
243
313
367
349
303
274
144
79
45
36
6
11
2
2
7
46
339
90
157
123
143
189
366
278
173
95
75
48
22
15
5
4
2
38
28
19
38
56
68
130
273
267
91
46
15
2
5
4
1
13
56
133
325
165
69
93
134
112
115
117
169
356
325
232
141
102
40
20
7
3
1
6
160
314
170
95
122
153
135
157
160
213
343
333
226
203
108
54
25
9
13
9
35
73
98
80
25
60
148
62
53
35
31
20
3
5
13
54
98
202
222
212
191
257
177
130
93
75
87
57
53
37
36
16
4
10
55
150
202
263
281
297
240
131
92
95
4
9
1
61
96
134
145
141
235
452
166
158
91
54
1
16
58
189
54
49
92
78
99
291
224
130
103
84
15
1
2
2
70
164
65
46
61
95
61
106
142
321
175
117
21
10
3
2
9
14
337
170
115
145
159
137
142
202
388
169
145
104
27
15
3
47
149
300
178
122
136
200
243
331
263
209
118
102
43
33
24
14
5
4
10
45
29
22
31
58
63
33
15
71
53
24
35
31
29
7
8
16
102
211
304
354
343
388
306
277
141
83
70
56
39
16
7
16
297
123
169
144
176
205
428
362
286
151
46
7
13
18
65
188
351
75
72
103
107
127
411
276
122
112
52
7
2
2
64
237
396
131
118
145
148
145
255
441
383
225
172
117
93
26
13
7
6
14
75
198
365
196
98
133
199
235
294
452
184
137
33
24
9
3
16
49
346
106
40
36
62
69
55
47
28
18
17
5
11
68
129
232
291
391
397
383
376
283
183
135
169
117
96
54
72
24
5
12
13
27
80
289
317
388
441
420
369
331
270
105
61
45
42
10
10
5
17
196
174
125
203
146
239
521
499
382
190
106
62
27
6
16
80
270
449
199
120
172
186
176
155
153
291
521
528
328
234
195
78
27
17
7
6
17
444
181
92
156
173
150
138
218
521
412
145
129
78
20
21
3
13
215
183
54
84
107
142
270
530
404
269
194
153
110
31
5
6
25
71
240
421
230
156
157
223
308
248
252
299
508
439
270
194
195
146
113
106
65
7
48
91
279
321
416
455
499
464
407
371
387
125
96
17
33
59
250
332
238
266
214
196
105
146
177
114
35
16
20
62
209
371
172
108
130
187
170
181
155
269
537
314
218
125
16
5
2
4
14
109
265
186
140
194
158
517
544
365
290
225
62
27
7
4
3
21
79
40
31
72
124
143
107
195
396
296
191
150
89
57
27
10
4
30
440
184
128
148
147
269
533
520
361
258
180
165
115
56
32
16
9
1
82
222
450
188
127
246
253
260
344
553
470
152
86
58
52
18
5
7
13
40
115
218
347
373
436
342
267
120
119
100
59
10
5
6
23
86
244
382
390
366
358
385
351
239
127
115
53
33
8
7
4
23
89
237
374
178
119
174
162
304
524
384
239
156
116
18
15
5
4
112
314
125
217
202
176
327
611
550
434
291
150
81
20
10
3
2
20
318
442
203
154
226
193
259
274
401
273
234
146
81
15
6
29
297
421
212
147
179
207
217
594
527
364
276
223
172
52
11
4
5
157
387
233
130
223
226
190
198
300
491
398
154
132
119
102
82
5
14
11
32
88
248
216
304
157
59
26
44
47
13
14
42
70
134
226
367
456
459
237
231
191
151
117
69
38
14
13
4
6
21
272
194
185
209
214
165
226
274
453
308
198
57
4
4
22
49
151
347
104
130
153
172
184
210
604
480
349
98
56
23
12
6
3
274
453
202
106
23
54
122
138
167
294
565
213
85
117
59
29
6
4
5
26
257
487
168
183
180
188
302
410
282
209
79
72
48
25
8
5
28
319
234
148
196
255
232
197
554
473
302
220
195
152
115
98
72
19
7
5
28
126
225
493
462
471
444
444
301
227
204
145
98
33
12
18
40
94
189
401
316
273
358
231
121
65
41
4
11
96
236
167
121
180
176
279
429
453
358
188
131
15
10
2
24
112
314
434
138
108
170
190
153
188
277
548
280
66
8
8
9
3
25
140
210
202
168
182
517
405
340
236
174
86
45
16
14
4
27
286
143
160
189
141
291
494
478
378
322
223
180
50
12
7
31
81
249
418
153
166
209
356
419
491
399
279
144
151
141
127
55
15
7
177
276
349
385
382
402
341
385
252
196
201
125
66
26
23
15
96
152
251
351
376
361
383
328
219
229
171
103
45
31
128
269
321
350
327
249
225
237
48
29
12
4
3
26
406
175
147
140
249
417
285
251
210
159
17
3
4
21
128
284
454
115
112
169
154
145
266
486
309
256
129
69
42
15
6
31
304
467
225
165
232
185
188
318
572
337
112
12
5
6
28
106
161
192
259
248
240
212
349
558
564
391
293
171
59
18
15
28
224
317
451
404
440
344
341
285
239
185
190
150
96
64
6
21
27
98
164
251
335
335
367
398
390
363
357
130
14
8
5
31
438
95
111
180
145
165
267
579
407
60
5
2
32
477
217
123
183
146
183
424
218
153
90
23
7
3
21
116
353
481
202
90
134
149
155
233
506
280
202
176
116
47
6
6
20
118
168
118
140
136
118
104
200
409
466
171
153
97
23
13
6
28
267
452
111
153
207
165
212
285
463
250
218
146
117
77
60
28
13
40
68
143
230
264
325
347
387
374
394
337
286
264
275
220
190
119
93
66
28
14
10
34
92
182
367
420
373
315
360
256
128
107
16
10
4
105
328
476
118
196
200
601
586
423
331
134
89
31
13
10
2
3
26
113
486
193
169
330
569
538
297
243
188
110
52
9
1
207
135
164
211
189
178
164
312
638
416
175
107
47
17
5
188
261
121
150
206
159
294
325
327
201
151
16
24
23
6
13
97
454
224
170
204
215
243
355
552
328
232
208
175
178
53
5
7
27
131
244
404
334
367
468
449
381
183
161
150
76
72
30
17
19
33
71
84
169
244
377
396
363
317
378
296
232
167
152
92
12
2
1
3
26
221
219
162
175
205
299
538
206
130
60
33
14
9
115
309
401
275
161
189
207
152
170
326
229
64
33
21
7
7
122
423
219
135
145
188
147
145
146
258
529
342
282
247
148
105
49
31
5
327
227
127
136
160
186
149
189
569
540
352
162
105
63
28
14
5
9
91
268
466
231
203
201
221
229
327
557
385
167
172
116
59
39
11
29
42
112
302
331
371
383
399
375
269
179
115
90
87
11
12
20
107
206
332
346
443
442
443
455
421
382
317
183
32
15
6
22
94
447
187
170
164
202
275
604
591
30
13
11
2
8
124
456
157
167
504
299
195
81
36
16
5
5
22
336
221
126
243
231
189
570
588
401
333
221
183
129
54
32
9
6
25
123
169
232
323
586
455
340
126
68
31
11
6
30
243
492
260
170
214
303
427
461
422
318
218
222
140
115
52
26
11
32
132
179
271
357
374
404
331
398
383
284
232
201
154
144
69
33
1
3
25
181
421
376
358
181
183
176
162
140
119
63
26
12
4
16
36
238
349
447
408
452
375
55
13
8
5
20
270
432
139
201
203
178
281
545
284
245
155
37
15
6
6
312
428
43
127
152
140
163
275
563
241
186
98
16
4
4
32
118
443
179
101
155
160
166
265
569
365
285
209
182
47
34
6
11
27
102
332
457
138
165
213
216
141
167
316
270
204
169
151
55
30
6
15
38
71
182
264
290
366
402
378
306
314
238
154
25
5
65
169
268
287
377
367
349
361
372
363
363
303
268
227
143
72
10
12
4
26
121
420
208
148
134
146
239
373
236
90
55
22
14
8
6
25
115
330
417
123
125
163
136
124
148
511
337
308
258
46
12
5
26
313
186
113
165
174
158
116
46
141
488
419
342
250
184
116
46
25
6
6
130
224
127
223
177
178
180
274
595
348
261
80
20
38
10
23
120
564
210
238
247
237
361
496
394
343
223
167
110
75
26
16
10
37
52
322
396
463
497
433
428
475
428
406
201
168
125
102
94
47
12
21
50
118
184
304
420
430
317
390
379
262
207
181
93
51
25
10
7
4
17
105
277
347
203
130
141
165
138
164
265
545
398
323
140
13
13
3
5
19
134
315
199
141
153
172
152
277
513
388
277
241
156
92
40
9
6
4
23
116
438
209
110
142
149
120
127
497
382
99
6
6
4
18
117
274
381
200
106
135
102
147
133
210
414
237
225
24
7
13
19
252
208
306
250
212
190
149
103
101
70
61
22
9
25
45
109
132
198
216
235
245
215
221
197
196
145
154
104
60
37
6
35
226
243
246
283
249
249
240
195
50
34
12
6
24
107
387
135
107
67
90
112
198
485
533
386
125
28
12
7
4
6
27
110
318
424
187
151
147
182
163
537
398
290
158
45
10
6
18
433
216
136
169
180
127
572
375
294
180
109
45
29
7
5
6
27
116
305
456
210
186
152
138
146
256
468
483
322
174
123
57
34
11
6
254
106
135
156
169
362
241
206
163
174
116
133
42
43
10
24
317
305
302
302
302
299
256
209
177
113
79
67
8
13
142
183
338
294
293
275
96
29
4
4
26
100
282
382
166
97
119
168
129
514
543
413
305
220
137
96
29
12
8
5
117
335
435
213
128
157
203
159
168
556
288
132
43
16
11
4
7
24
110
271
437
195
161
144
118
150
425
321
87
17
17
7
97
282
398
187
113
149
205
167
555
523
286
211
174
54
19
6
101
270
226
216
210
330
550
466
291
173
188
139
133
42
10
6
27
121
290
349
382
441
380
362
149
211
171
137
114
120
108
80
73
66
32
6
5
13
39
89
184
266
370
324
326
193
194
183
103
55
30
12
7
1
10
15
95
182
151
150
282
527
529
416
286
186
72
35
14
3
7
101
343
392
175
144
185
148
532
585
371
155
75
11
4
32
305
399
149
240
191
178
194
282
584
559
413
312
209
108
26
5
25
106
390
197
214
217
142
582
371
157
127
65
23
15
9
26
76
264
205
253
186
334
516
465
385
287
231
151
84
77
27
10
22
44
208
260
314
153
259
358
281
269
237
183
167
154
120
73
62
27
3
24
41
103
183
198
281
377
331
259
193
155
39
27
10
3
7
5
17
90
258
355
222
141
178
193
151
182
283
483
397
285
98
88
31
6
5
30
119
346
441
150
182
159
303
570
280
215
77
24
14
6
28
105
308
487
118
128
189
192
159
300
552
556
280
171
105
56
24
6
6
9
103
228
129
141
173
187
182
174
245
409
274
141
165
149
135
114
62
3
8
17
93
263
218
165
165
222
527
425
165
58
107
122
106
128
69
51
7
24
44
306
409
378
375
390
373
394
291
248
223
157
74
86
64
51
8
31
231
313
374
68
270
311
282
181
138
134
68
40
21
8
5
24
112
281
187
131
207
199
591
609
416
268
208
153
64
35
19
6
5
344
504
225
148
186
237
651
601
444
519
367
211
191
24
6
1
7
108
308
213
146
235
204
271
567
621
440
334
70
52
15
4
7
26
102
313
484
162
142
151
41
37
113
121
312
408
225
187
84
51
23
20
11
8
266
404
230
123
243
343
489
410
290
222
190
152
64
4
12
28
76
156
88
43
24
16
1
8
53
142
237
431
398
402
214
186
98
3
17
102
284
404
188
115
138
282
277
202
142
75
27
13
10
28
357
493
137
175
237
209
611
576
465
298
223
93
32
15
6
5
27
111
328
467
138
260
221
196
172
608
565
446
289
51
25
7
23
498
138
229
219
174
308
628
443
280
177
179
126
32
20
8
4
76
259
456
220
140
192
283
381
455
355
287
196
147
87
74
41
35
12
23
38
194
353
380
388
374
371
295
219
162
123
109
43
4
6
3
70
297
337
435
419
361
410
337
376
356
229
207
104
54
16
8
6
11
41
152
244
308
353
389
284
114
123
175
82
60
64
8
2
4
21
72
172
106
67
24
89
106
291
373
163
121
84
13
5
6
2
4
16
86
66
11
25
58
144
285
226
96
38
29
24
14
3
179
195
102
120
139
156
113
68
52
89
82
70
26
8
8
2
3
14
57
108
288
136
72
148
188
285
505
410
210
203
160
148
83
7
8
52
119
207
318
360
404
370
359
480
431
230
108
88
45
9
39
20
37
94
227
334
402
411
350
342
404
483
333
226
159
95
45
12
2
24
408
176
165
184
163
189
298
590
436
299
195
150
26
10
4
20
122
362
425
135
153
187
184
190
180
292
579
245
144
74
33
5
8
9
145
370
202
142
164
212
176
586
381
213
160
72
37
20
7
124
338
391
209
121
159
179
189
170
135
222
261
244
232
248
115
69
48
26
10
6
4
32
93
299
409
210
140
251
225
203
358
225
108
80
79
28
5
22
108
367
372
349
297
354
305
359
329
256
176
170
143
136
112
79
6
12
44
140
260
376
311
365
289
245
180
147
84
10
5
8
28
113
332
420
215
105
189
188
187
263
374
231
129
68
14
5
3
22
114
329
209
30
56
60
103
112
192
264
511
492
253
148
81
27
17
6
7
31
117
330
208
133
193
179
185
281
536
408
160
127
41
11
10
2
30
311
415
203
120
165
193
183
181
301
563
551
420
221
187
52
31
20
13
104
254
317
111
35
21
34
24
61
56
99
234
179
138
157
93
79
68
31
8
5
18
175
293
386
390
449
426
193
150
173
124
106
59
3
17
38
86
155
275
413
369
347
353
464
420
404
329
104
29
17
6
113
332
355
209
187
154
209
570
553
251
75
10
8
24
124
249
427
193
123
151
152
205
530
356
320
93
36
14
9
4
22
114
185
287
129
151
184
162
170
280
591
372
102
74
40
8
7
22
111
283
431
195
227
291
589
584
273
225
175
81
60
23
15
8
26
98
297
456
237
168
217
266
266
245
360
591
374
230
206
159
132
130
67
25
5
19
36
67
129
121
132
158
125
180
228
126
56
70
65
47
24
30
9
7
15
29
64
115
292
321
256
174
162
88
6
4
7
8
21
249
372
101
126
147
118
120
101
218
495
412
315
204
138
91
9
6
112
400
187
126
124
199
173
183
585
524
345
166
114
66
43
11
6
5
32
117
301
467
219
133
170
214
219
182
282
591
374
246
201
154
73
22
10
5
5
24
114
457
129
144
191
219
568
260
195
148
99
67
28
5
10
5
87
242
417
174
230
235
305
256
563
465
294
197
166
146
136
89
65
45
10
22
103
397
446
485
465
451
393
248
202
129
55
30
14
21
44
107
423
418
500
407
470
438
414
302
152
123
19
11
6
21
254
219
265
322
365
370
384
402
473
336
225
126
75
30
5
5
20
123
352
406
235
149
123
181
180
171
175
320
604
318
147
10
2
2
7
22
112
404
113
120
62
101
78
45
251
83
43
54
12
7
52
209
84
105
162
133
276
479
268
205
181
39
7
8
17
94
209
180
125
75
132
156
344
423
248
196
95
106
73
56
23
6
7
57
125
322
374
456
394
472
377
443
441
372
238
179
168
135
107
77
65
42
48
99
347
377
444
462
466
405
328
233
102
130
62
37
7
2
5
29
114
309
414
206
135
166
166
208
302
177
104
62
31
11
5
1
4
109
341
499
227
147
201
219
169
205
304
625
317
227
137
70
34
7
3
3
31
68
202
123
106
97
120
201
181
140
85
107
69
26
15
4
1
8
426
223
130
199
164
155
160
234
494
298
165
128
50
26
6
31
233
402
222
138
174
240
206
235
302
524
397
253
143
117
70
31
8
8
18
57
169
236
282
322
310
382
220
159
157
88
50
46
3
12
413
415
408
387
405
340
284
144
94
49
32
7
4
6
21
86
285
398
195
129
168
220
198
206
614
486
237
129
79
30
11
5
5
98
314
223
166
200
198
234
285
585
338
170
94
32
299
464
240
131
155
194
82
66
70
213
454
453
207
157
26
11
8
4
4
137
316
171
52
53
92
107
207
219
182
132
111
68
44
16
4
8
10
25
75
205
229
130
168
213
228
185
215
308
368
204
143
36
39
19
8
1
5
7
20
12
27
50
30
29
22
31
47
54
54
43
33
11
4
10
22
80
147
178
240
314
245
213
153
79
23
13
3
3
6
18
86
372
211
128
170
168
272
422
238
172
116
85
52
21
11
6
18
419
135
117
150
186
298
313
127
19
10
2
2
4
92
228
133
172
187
266
479
182
168
57
15
5
4
28
99
402
164
120
179
169
152
162
267
498
144
137
95
43
17
10
8
254
134
162
197
194
480
374
196
186
123
89
52
62
31
8
2
23
34
84
141
227
372
355
343
334
204
165
118
82
85
115
9
16
28
90
346
314
347
185
151
116
88
50
15
8
2
6
26
311
174
123
189
170
528
425
204
139
48
18
11
1
18
323
191
129
203
196
161
188
499
462
278
181
182
48
10
5
4
4
28
98
300
219
105
152
180
179
281
485
408
304
219
114
66
11
11
23
114
272
117
108
167
96
64
62
177
273
211
168
89
82
11
6
8
46
121
258
200
239
236
247
216
238
199
83
91
73
64
54
7
4
7
27
101
160
232
315
366
435
386
361
203
171
132
122
118
101
73
71
57
28
6
23
43
79
241
295
354
339
319
231
190
139
95
89
30
11
7
5
19
322
452
233
111
202
185
195
315
519
489
302
240
213
113
61
22
10
15
4
7
108
480
200
138
134
176
191
271
451
238
128
80
5
10
5
13
56
137
232
82
54
58
61
233
189
111
99
46
31
5
5
75
168
198
97
121
124
110
195
307
169
84
58
30
10
5
22
71
216
375
213
115
140
178
328
190
137
97
59
53
35
46
15
8
2
12
92
142
233
311
382
232
208
182
93
93
84
37
12
4
23
138
304
369
351
306
145
157
28
17
3
4
5
76
246
391
237
135
162
108
108
210
192
114
33
14
6
6
3
121
190
149
52
32
26
62
165
39
16
8
6
3
5
17
156
323
76
160
213
207
173
163
68
62
51
23
5
2
11
40
98
150
168
74
37
31
26
22
21
14
2
7
74
142
226
283
272
184
153
85
33
47
29
23
4
10
83
141
309
325
314
275
184
185
92
44
31
5
23
42
189
313
317
323
204
155
139
104
88
66
16
13
4
34
104
407
208
178
162
143
150
264
468
416
264
218
156
46
22
17
2
6
22
89
342
202
36
11
18
22
36
151
354
184
125
95
53
8
5
1
22
285
478
110
160
147
112
115
380
190
135
87
20
10
7
1
24
97
276
477
224
148
154
154
201
405
228
162
104
73
38
15
10
3
23
246
105
160
204
170
199
276
411
265
102
95
75
50
9
8
11
26
63
124
195
275
358
292
305
224
175
74
41
4
4
126
216
254
329
323
296
330
245
171
173
124
72
64
12
8
7
25
90
283
404
190
87
123
154
171
133
148
248
446
399
176
62
28
16
3
3
7
20
234
50
32
55
75
88
262
304
233
110
87
53
33
13
6
3
1
3
18
46
64
33
50
33
33
25
30
31
52
6
21
7
4
2
244
225
110
106
156
124
117
331
232
139
92
34
14
12
6
2
20
63
385
126
136
173
168
187
189
250
362
318
199
150
140
94
66
60
25
11
11
73
192
283
293
299
241
185
172
154
95
66
74
62
52
19
5
6
10
31
72
194
197
268
242
266
206
163
163
105
72
63
43
35
9
2
21
64
220
105
145
166
132
214
357
121
45
17
3
20
92
102
124
167
127
207
398
382
267
161
107
59
2
3
87
247
467
239
142
144
167
245
396
390
268
104
51
20
7
6
258
280
135
157
164
82
324
377
287
221
114
72
31
23
5
5
26
231
243
132
144
173
137
128
153
224
365
214
152
75
62
9
9
17
244
236
237
222
165
157
106
106
80
69
71
41
1
5
3
12
32
81
129
188
228
228
219
234
136
138
135
89
49
37
17
11
3
4
21
68
141
137
159
251
206
107
60
21
11
2
4
15
72
268
259
129
175
181
138
154
238
431
411
224
147
25
11
4
2
2
28
76
229
405
234
89
56
61
51
61
101
209
167
123
105
15
11
16
64
186
343
145
188
159
356
288
142
33
17
17
9
13
4
2
8
40
92
182
156
194
200
203
181
140
32
47
25
23
26
3
4
10
10
56
71
94
121
85
97
35
25
24
19
20
17
4
2
1
1
5
43
85
66
79
86
91
86
17
16
7
2
4
4
18
62
91
140
153
131
97
75
65
56
49
27
29
12
6
4
3
8
35
80
164
104
60
20
19
46
135
90
32
26
7
43
110
217
96
140
159
120
117
79
39
28
15
3
2
3
41
106
210
170
110
122
130
131
142
177
240
207
68
55
30
6
10
32
118
171
207
245
292
283
242
182
91
95
