94
77
66
60
25
3
6
11
11
73
149
192
236
283
286
293
299
241
185
172
154
124
83
95
66
74
62
52
19
5
6
10
31
72
107
194
197
288
268
242
266
206
163
163
105
72
63
43
35
20
9
4
2
3
21
64
235
385
220
105
115
145
166
111
132
214
359
357
241
165
121
71
45
17
4
2
3
4
20
92
223
400
233
102
124
167
127
134
151
207
398
382
267
161
139
107
59
22
8
2
3
4
26
87
247
467
239
142
115
144
133
151
167
245
396
390
268
175
154
104
51
50
20
7
3
6
24
92
258
457
280
109
135
157
164
132
82
131
324
377
287
221
155
124
114
72
31
23
5
5
26
82
231
459
243
132
144
173
137
128
153
224
365
295
214
152
102
106
75
62
43
58
26
9
9
17
20
59
100
181
209
244
236
237
228
222
165
157
106
106
96
80
69
71
46
41
18
1
5
3
12
32
81
129
188
228
228
219
207
234
136
138
135
104
89
49
37
17
11
3
3
4
21
68
191
397
183
108
127
141
142
137
159
208
378
354
251
206
127
107
60
21
6
11
2
4
15
72
268
432
259
129
129
175
181
138
154
238
431
411
224
147
143
107
53
25
11
4
2
2
28
76
229
405
234
89
56
61
58
51
61
101
229
280
209
167
123
105
54
27
15
11
6
3
16
64
186
343
228
141
145
202
188
159
214
256
356
288
142
33
17
17
11
9
12
13
4
2
8
40
92
182
156
104
174
170
194
200
203
181
140
95
76
50
32
47
25
23
16
26
5
3
4
10
10
27
56
56
71
94
121
85
97
99
68
35
25
24
19
20
17
6
4
2
4
1
1
4
5
23
43
85
66
79
86
91
86
44
30
16
26
19
17
16
11
10
7
2
4
4
19
18
62
70
91
100
140
153
131
97
97
75
65
56
49
27
29
12
6
4
3
3
8
35
80
164
104
60
30
24
20
14
19
46
115
135
90
69
63
32
26
10
12
7
4
9
43
110
217
189
96
111
140
159
120
117
167
250
169
151
79
70
33
39
28
15
3
2
3
10
41
106
210
170
110
122
130
131
142
177
177
240
207
135
96
68
55
45
30
20
12
6
2
10
32
95
205
194
118
171
197
207
245
292
283
242
182
112
91
95
