1 4 12 23 0 5 1 1 0.28 0.3182 0.81 0 
1 4 12 0 0 6 0 2 0.26 0.2727 0.81 0.1045 
1 4 12 1 0 6 0 2 0.26 0.2576 0.7 0.1642 
1 4 12 2 0 6 0 2 0.28 0.303 0.61 0.0896 
1 4 12 3 0 6 0 2 0.28 0.303 0.61 0.0896 
1 4 12 4 0 6 0 2 0.26 0.2727 0.65 0.1045 
1 4 12 5 0 6 0 1 0.26 0.2576 0.6 0.1642 
1 4 12 6 0 6 0 1 0.24 0.2576 0.65 0.1045 
1 4 12 7 0 6 0 1 0.24 0.2273 0.65 0.194 
1 4 12 8 0 6 0 1 0.26 0.2727 0.65 0.1343 
1 4 12 9 0 6 0 1 0.28 0.2576 0.61 0.2836 
1 4 12 10 0 6 0 1 0.32 0.303 0.57 0.2537 
1 4 12 11 0 6 0 1 0.32 0.2879 0.53 0.4179 
1 4 12 12 0 6 0 1 0.32 0.2879 0.45 0.4179 
1 4 12 13 0 6 0 1 0.34 0.303 0.34 0.4179 
1 4 12 14 0 6 0 1 0.34 0.303 0.31 0.3284 
1 4 12 15 0 6 0 1 0.34 0.303 0.34 0.3582 
1 4 12 16 0 6 0 1 0.32 0.2879 0.31 0.3881 
1 4 12 17 0 6 0 1 0.28 0.2576 0.36 0.3284 
1 4 12 18 0 6 0 1 0.26 0.2576 0.38 0.2239 
1 4 12 19 0 6 0 1 0.26 0.2424 0.38 0.2836 
1 4 12 20 0 6 0 1 0.24 0.2273 0.35 0.2239 
1 4 12 21 0 6 0 1 0.22 0.2121 0.44 0.2239 
1 4 12 22 0 6 0 1 0.22 0.2273 0.41 0.1343 
1 4 12 23 0 6 0 1 0.2 0.2121 0.47 0.1642 
1 4 12 0 0 0 0 1 0.2 0.197 0.51 0.2239 
1 4 12 1 0 0 0 1 0.16 0.1515 0.59 0.2239 
1 4 12 2 0 0 0 1 0.18 0.1667 0.55 0.2537 
1 4 12 3 0 0 0 1 0.16 0.1818 0.59 0.1343 
1 4 12 4 0 0 0 1 0.16 0.1667 0.59 0.1642 
1 4 12 5 0 0 0 1 0.18 0.2121 0.59 0.1045 
1 4 12 6 0 0 0 1 0.16 0.2273 0.59 0 
1 4 12 7 0 0 0 1 0.18 0.2424 0.55 0 
1 4 12 8 0 0 0 1 0.16 0.2273 0.69 0 
1 4 12 9 0 0 0 1 0.2 0.2576 0.59 0 
1 4 12 10 0 0 0 1 0.24 0.2879 0.44 0 
1 4 12 11 0 0 0 1 0.26 0.303 0.35 0 
1 4 12 12 0 0 0 1 0.26 0.303 0.35 0 
1 4 12 13 0 0 0 1 0.3 0.3333 0.31 0 
1 4 12 14 0 0 0 1 0.3 0.3333 0.28 0 
1 4 12 15 0 0 0 1 0.3 0.3333 0.26 0 
1 4 12 16 0 0 0 1 0.3 0.3333 0.26 0 
1 4 12 17 0 0 0 1 0.28 0.3182 0.3 0 
1 4 12 18 0 0 0 1 0.24 0.2273 0.48 0.194 
1 4 12 19 0 0 0 1 0.22 0.2273 0.55 0.194 
1 4 12 20 0 0 0 1 0.22 0.2424 0.55 0.1045 
1 4 12 21 0 0 0 1 0.22 0.2727 0.55 0 
1 4 12 22 0 0 0 1 0.22 0.2727 0.55 0 
1 4 12 23 0 0 0 1 0.2 0.2576 0.69 0 
1 4 12 0 0 1 1 1 0.2 0.2273 0.69 0.0896 
1 4 12 1 0 1 1 1 0.2 0.2576 0.69 0 
1 4 12 2 0 1 1 1 0.2 0.2576 0.69 0 
1 4 12 3 0 1 1 1 0.18 0.2424 0.74 0 
1 4 12 4 0 1 1 1 0.18 0.2424 0.74 0 
1 4 12 5 0 1 1 1 0.16 0.2273 0.8 0 
1 4 12 6 0 1 1 1 0.16 0.1818 0.8 0.1045 
1 4 12 7 0 1 1 1 0.14 0.1515 0.86 0.1343 
1 4 12 8 0 1 1 2 0.16 0.1818 0.8 0.1045 
1 4 12 9 0 1 1 2 0.18 0.2121 0.74 0.0896 
1 4 12 10 0 1 1 2 0.22 0.2424 0.69 0.1045 
1 4 12 11 0 1 1 2 0.26 0.2879 0.6 0.0896 
1 4 12 12 0 1 1 1 0.28 0.2879 0.52 0.1045 
1 4 12 13 0 1 1 2 0.3 0.3182 0.52 0.1045 
1 4 12 14 0 1 1 2 0.32 0.3333 0.53 0.1343 
1 4 12 15 0 1 1 2 0.32 0.3333 0.57 0.1045 
1 4 12 16 0 1 1 2 0.32 0.3333 0.57 0.0896 
1 4 12 17 0 1 1 2 0.3 0.3333 0.56 0 
1 4 12 18 0 1 1 1 0.3 0.3182 0.56 0.0896 
1 4 12 19 0 1 1 1 0.28 0.303 0.61 0.0896 
1 4 12 20 0 1 1 1 0.3 0.3182 0.56 0.0896 
1 4 12 21 0 1 1 1 0.26 0.303 0.81 0 
1 4 12 22 0 1 1 1 0.26 0.303 0.7 0 
1 4 12 23 0 1 1 1 0.24 0.2879 0.75 0 
1 4 12 0 0 2 1 1 0.22 0.2727 0.8 0 
1 4 12 1 0 2 1 1 0.2 0.2576 0.8 0 
1 4 12 2 0 2 1 1 0.2 0.2576 0.8 0 
1 4 12 3 0 2 1 1 0.18 0.2424 0.8 0 
1 4 12 4 0 2 1 1 0.2 0.2576 0.8 0 
1 4 12 5 0 2 1 1 0.18 0.2424 0.86 0 
1 4 12 6 0 2 1 1 0.2 0.2576 0.8 0 
1 4 12 7 0 2 1 1 0.16 0.1667 0.8 0.1642 
1 4 12 8 0 2 1 1 0.2 0.2273 0.69 0.1045 
1 4 12 9 0 2 1 1 0.26 0.2576 0.6 0.1642 
1 4 12 10 0 2 1 1 0.3 0.303 0.52 0.1642 
1 4 12 11 0 2 1 1 0.34 0.3182 0.46 0.2537 
1 4 12 12 0 2 1 1 0.36 0.3333 0.43 0.3582 
1 4 12 13 0 2 1 1 0.4 0.4091 0.37 0.3284 
1 4 12 14 0 2 1 1 0.4 0.4091 0.37 0.2537 
1 4 12 15 0 2 1 1 0.4 0.4091 0.35 0.2537 
1 4 12 16 0 2 1 1 0.38 0.3939 0.37 0.2537 
1 4 12 17 0 2 1 1 0.36 0.3485 0.4 0.194 
1 4 12 18 0 2 1 1 0.34 0.3182 0.42 0.2239 
1 4 12 19 0 2 1 1 0.32 0.3182 0.49 0.1642 
1 4 12 20 0 2 1 1 0.32 0.3182 0.49 0.1642 
1 4 12 21 0 2 1 1 0.3 0.303 0.52 0.1642 
1 4 12 22 0 2 1 1 0.3 0.303 0.52 0.1642 
1 4 12 23 0 2 1 1 0.26 0.303 0.7 0 
1 4 12 0 0 3 1 1 0.26 0.303 0.75 0 
1 4 12 1 0 3 1 1 0.26 0.303 0.75 0 
1 4 12 2 0 3 1 1 0.26 0.303 0.75 0 
1 4 12 3 0 3 1 1 0.28 0.3182 0.65 0 
1 4 12 4 0 3 1 1 0.26 0.303 0.75 0 
1 4 12 5 0 3 1 2 0.26 0.303 0.81 0 
1 4 12 6 0 3 1 2 0.26 0.303 0.87 0 
1 4 12 7 0 3 1 1 0.28 0.3182 0.75 0 
1 4 12 8 0 3 1 2 0.26 0.303 0.87 0 
1 4 12 9 0 3 1 2 0.3 0.3333 0.61 0 
1 4 12 10 0 3 1 2 0.32 0.3485 0.57 0 
1 4 12 11 0 3 1 2 0.34 0.3636 0.55 0 
1 4 12 12 0 3 1 2 0.36 0.3636 0.57 0.0896 
1 4 12 13 0 3 1 2 0.36 0.3636 0.57 0.1045 
1 4 12 14 0 3 1 2 0.38 0.3939 0.54 0.0896 
1 4 12 15 0 3 1 2 0.38 0.3939 0.54 0.1045 
1 4 12 16 0 3 1 2 0.38 0.3939 0.54 0.1045 
1 4 12 17 0 3 1 2 0.36 0.3636 0.57 0.1045 
1 4 12 18 0 3 1 2 0.36 0.3485 0.62 0.1642 
1 4 12 19 0 3 1 2 0.36 0.3636 0.62 0.1045 
1 4 12 20 0 3 1 2 0.34 0.3485 0.66 0.1045 
1 4 12 21 0 3 1 2 0.34 0.3333 0.66 0.1642 
1 4 12 22 0 3 1 1 0.34 0.3333 0.66 0.1642 
1 4 12 23 0 3 1 1 0.32 0.3182 0.7 0.1642 
1 4 12 0 0 4 1 1 0.32 0.3182 0.7 0.1642 
1 4 12 1 0 4 1 2 0.32 0.3182 0.7 0.1642 
1 4 12 2 0 4 1 2 0.32 0.3333 0.7 0.1343 
1 4 12 3 0 4 1 2 0.32 0.3333 0.7 0.1343 
1 4 12 4 0 4 1 2 0.32 0.303 0.7 0.2239 
1 4 12 5 0 4 1 2 0.32 0.303 0.7 0.2836 
1 4 12 6 0 4 1 1 0.32 0.3182 0.66 0.194 
1 4 12 7 0 4 1 1 0.32 0.3182 0.7 0.194 
1 4 12 8 0 4 1 2 0.34 0.3182 0.66 0.2239 
1 4 12 9 0 4 1 2 0.36 0.3333 0.62 0.2836 
1 4 12 10 0 4 1 2 0.4 0.4091 0.58 0.2985 
1 4 12 11 0 4 1 2 0.4 0.4091 0.62 0.4179 
1 4 12 12 0 4 1 2 0.46 0.4545 0.59 0.4925 
1 4 12 13 0 4 1 2 0.5 0.4848 0.55 0.3582 
1 4 12 14 0 4 1 2 0.52 0.5 0.52 0.3284 
1 4 12 15 0 4 1 3 0.52 0.5 0.55 0.2239 
1 4 12 16 0 4 1 3 0.46 0.4545 0.72 0.1642 
1 4 12 17 0 4 1 2 0.52 0.5 0.59 0.2836 
1 4 12 18 0 4 1 2 0.52 0.5 0.59 0.2985 
1 4 12 19 0 4 1 2 0.52 0.5 0.59 0.2836 
1 4 12 20 0 4 1 1 0.52 0.5 0.59 0.3284 
1 4 12 21 0 4 1 1 0.5 0.4848 0.63 0.2985 
1 4 12 22 0 4 1 1 0.52 0.5 0.63 0.3284 
1 4 12 23 0 4 1 1 0.52 0.5 0.63 0.3284 
1 4 12 0 0 5 1 1 0.5 0.4848 0.72 0.3284 
1 4 12 1 0 5 1 1 0.5 0.4848 0.72 0.2239 
1 4 12 2 0 5 1 1 0.48 0.4697 0.77 0.1045 
1 4 12 3 0 5 1 1 0.46 0.4545 0.82 0.1343 
1 4 12 4 0 5 1 2 0.5 0.4848 0.59 0.194 
1 4 12 5 0 5 1 1 0.48 0.4697 0.44 0.3881 
1 4 12 6 0 5 1 2 0.44 0.4394 0.33 0.2985 
1 4 12 7 0 5 1 2 0.38 0.3939 0.46 0.2985 
1 4 12 8 0 5 1 1 0.36 0.3333 0.46 0.4179 
1 4 12 9 0 5 1 1 0.36 0.3333 0.46 0.3881 
1 4 12 10 0 5 1 1 0.34 0.303 0.46 0.2985 
1 4 12 11 0 5 1 2 0.34 0.303 0.42 0.2985 
1 4 12 12 0 5 1 2 0.34 0.303 0.42 0.3582 
1 4 12 13 0 5 1 2 0.34 0.303 0.39 0.3582 
1 4 12 14 0 5 1 2 0.34 0.3182 0.42 0.2239 
1 4 12 15 0 5 1 2 0.32 0.303 0.45 0.2985 
1 4 12 16 0 5 1 2 0.32 0.303 0.45 0.2239 
1 4 12 17 0 5 1 2 0.32 0.303 0.45 0.2836 
1 4 12 18 0 5 1 2 0.32 0.303 0.45 0.2537 
1 4 12 19 0 5 1 2 0.32 0.303 0.45 0.2239 
1 4 12 20 0 5 1 2 0.32 0.3182 0.45 0.194 
1 4 12 21 0 5 1 2 0.32 0.3182 0.45 0.1642 
1 4 12 22 0 5 1 2 0.3 0.303 0.49 0.1642 
1 4 12 23 0 5 1 2 0.3 0.303 0.49 0.1343 
1 4 12 0 0 6 0 1 0.3 0.2879 0.49 0.2836 
1 4 12 1 0 6 0 2 0.3 0.2879 0.52 0.2537 
1 4 12 2 0 6 0 2 0.28 0.2727 0.56 0.2239 
1 4 12 3 0 6 0 1 0.26 0.2576 0.6 0.194 
1 4 12 4 0 6 0 1 0.24 0.2424 0.65 0.1642 
1 4 12 5 0 6 0 2 0.26 0.2576 0.6 0.194 
1 4 12 6 0 6 0 2 0.26 0.2424 0.56 0.2836 
1 4 12 7 0 6 0 2 0.26 0.2576 0.56 0.2239 
1 4 12 8 0 6 0 2 0.26 0.2576 0.56 0.2239 
1 4 12 9 0 6 0 2 0.26 0.2424 0.56 0.2537 
1 4 12 10 0 6 0 2 0.26 0.2424 0.52 0.2836 
1 4 12 11 0 6 0 2 0.28 0.2576 0.45 0.3284 
1 4 12 12 0 6 0 2 0.28 0.2576 0.45 0.2836 
1 4 12 13 0 6 0 2 0.28 0.2727 0.48 0.2537 
1 4 12 14 0 6 0 1 0.28 0.2576 0.45 0.3582 
1 4 12 15 0 6 0 1 0.28 0.2576 0.45 0.2836 
1 4 12 16 0 6 0 1 0.28 0.2727 0.45 0.2239 
1 4 12 17 0 6 0 1 0.26 0.2576 0.48 0.2239 
1 4 12 18 0 6 0 1 0.26 0.2273 0.48 0.3881 
1 4 12 19 0 6 0 3 0.24 0.2121 0.65 0.3284 
1 4 12 20 0 6 0 1 0.22 0.2121 0.69 0.2537 
1 4 12 21 0 6 0 1 0.2 0.2121 0.75 0.1642 
1 4 12 22 0 6 0 1 0.2 0.2121 0.75 0.1642 
1 4 12 23 0 6 0 1 0.2 0.2273 0.75 0 
1 4 12 0 0 0 0 1 0.2 0.2121 0.75 0.1343 
1 4 12 1 0 0 0 1 0.2 0.2273 0.69 0.1045 
1 4 12 2 0 0 0 1 0.22 0.2424 0.55 0.1045 
1 4 12 3 0 0 0 1 0.22 0.2121 0.55 0.2239 
1 4 12 4 0 0 0 1 0.22 0.2121 0.55 0.2239 
1 4 12 5 0 0 0 1 0.2 0.2273 0.59 0.1045 
1 4 12 6 0 0 0 1 0.2 0.2121 0.59 0.1343 
1 4 12 7 0 0 0 1 0.2 0.2121 0.59 0.1642 
1 4 12 8 0 0 0 1 0.2 0.2576 0.69 0 
1 4 12 9 0 0 0 1 0.22 0.2273 0.64 0.1642 
1 4 12 10 0 0 0 1 0.24 0.2273 0.6 0.2537 
1 4 12 11 0 0 0 2 0.24 0.2273 0.6 0.2239 
1 4 12 12 0 0 0 1 0.26 0.2576 0.6 0.2239 
1 4 12 13 0 0 0 1 0.3 0.2727 0.49 0.2985 
1 4 12 14 0 0 0 1 0.3 0.2879 0.49 0.2836 
1 4 12 15 0 0 0 1 0.32 0.303 0.45 0.2836 
1 4 12 16 0 0 0 1 0.28 0.2727 0.48 0.2537 
1 4 12 17 0 0 0 1 0.28 0.2727 0.46 0.1642 
1 4 12 18 0 0 0 1 0.28 0.2727 0.45 0.194 
1 4 12 19 0 0 0 1 0.26 0.2727 0.52 0.1343 
1 4 12 20 0 0 0 1 0.24 0.2576 0.6 0.1045 
1 4 12 21 0 0 0 1 0.22 0.2727 0.64 0 
1 4 12 22 0 0 0 1 0.22 0.2273 0.75 0.194 
1 4 12 23 0 0 0 1 0.2 0.2273 0.75 0.1045 
1 4 12 0 0 1 1 1 0.2 0.2273 0.75 0.0896 
1 4 12 1 0 1 1 1 0.18 0.2121 0.8 0.0896 
1 4 12 2 0 1 1 1 0.18 0.2121 0.8 0.0896 
1 4 12 3 0 1 1 1 0.16 0.197 0.86 0.0896 
1 4 12 4 0 1 1 1 0.16 0.1818 0.86 0.1343 
1 4 12 5 0 1 1 1 0.14 0.1667 0.93 0.1045 
1 4 12 6 0 1 1 1 0.16 0.1818 0.86 0.1045 
1 4 12 7 0 1 1 1 0.18 0.2121 0.74 0.1045 
1 4 12 8 0 1 1 1 0.2 0.197 0.75 0.194 
1 4 12 9 0 1 1 1 0.22 0.2121 0.69 0.2239 
1 4 12 10 0 1 1 1 0.24 0.2273 0.67 0.194 
1 4 12 11 0 1 1 1 0.26 0.2424 0.65 0.2537 
1 4 12 12 0 1 1 1 0.3 0.2727 0.61 0.3284 
1 4 12 13 0 1 1 1 0.34 0.303 0.49 0.3284 
1 4 12 14 0 1 1 1 0.36 0.3485 0.46 0.2239 
1 4 12 15 0 1 1 1 0.38 0.3939 0.46 0.1642 
1 4 12 16 0 1 1 1 0.4 0.4091 0.4 0.2537 
1 4 12 17 0 1 1 1 0.38 0.3939 0.46 0.194 
1 4 12 18 0 1 1 1 0.36 0.3485 0.5 0.194 
1 4 12 19 0 1 1 2 0.36 0.3485 0.53 0.1642 
1 4 12 20 0 1 1 1 0.4 0.4091 0.4 0.1642 
1 4 12 21 0 1 1 2 0.36 0.3485 0.53 0.1343 
1 4 12 22 0 1 1 2 0.36 0.3485 0.57 0.1642 
1 4 12 23 0 1 1 1 0.36 0.3485 0.53 0.1642 
1 4 12 0 0 2 1 1 0.36 0.3636 0.57 0.1045 
1 4 12 1 0 2 1 1 0.36 0.3788 0.53 0 
1 4 12 2 0 2 1 2 0.34 0.3636 0.61 0 
1 4 12 3 0 2 1 2 0.34 0.3636 0.61 0 
1 4 12 4 0 2 1 2 0.36 0.3636 0.53 0.1045 
1 4 12 5 0 2 1 2 0.36 0.3788 0.57 0 
1 4 12 6 0 2 1 2 0.36 0.3788 0.57 0 
1 4 12 7 0 2 1 2 0.36 0.3788 0.62 0 
1 4 12 8 0 2 1 2 0.42 0.4242 0.54 0.0896 
1 4 12 9 0 2 1 2 0.36 0.3788 0.66 0 
1 4 12 10 0 2 1 2 0.42 0.4242 0.58 0.194 
1 4 12 11 0 2 1 2 0.4 0.4091 0.62 0.1642 
1 4 12 12 0 2 1 2 0.44 0.4394 0.54 0.1343 
1 4 12 13 0 2 1 2 0.44 0.4394 0.54 0.1343 
1 4 12 14 0 2 1 2 0.44 0.4394 0.58 0.1045 
1 4 12 15 0 2 1 2 0.44 0.4394 0.54 0 
1 4 12 16 0 2 1 1 0.44 0.4394 0.54 0 
1 4 12 17 0 2 1 1 0.4 0.4091 0.62 0.1642 
1 4 12 18 0 2 1 1 0.38 0.3939 0.66 0.194 
1 4 12 19 0 2 1 1 0.38 0.3939 0.66 0 
1 4 12 20 0 2 1 1 0.36 0.3788 0.66 0 
1 4 12 21 0 2 1 1 0.36 0.3636 0.66 0.0896 
1 4 12 22 0 2 1 2 0.36 0.3788 0.66 0 
1 4 12 23 0 2 1 2 0.38 0.3939 0.62 0 
1 1 12 0 0 3 1 2 0.34 0.3333 0.71 0.1343 
1 1 12 1 0 3 1 2 0.36 0.3636 0.66 0.1045 
1 1 12 2 0 3 1 2 0.36 0.3788 0.71 0 
1 1 12 3 0 3 1 2 0.36 0.3788 0.71 0 
1 1 12 4 0 3 1 2 0.36 0.3788 0.71 0 
1 1 12 5 0 3 1 2 0.38 0.3939 0.82 0.1045 
1 1 12 6 0 3 1 2 0.36 0.3788 0.87 0 
1 1 12 7 0 3 1 2 0.36 0.3636 0.87 0.1045 
1 1 12 8 0 3 1 3 0.36 0.3788 0.93 0 
1 1 12 9 0 3 1 2 0.4 0.4091 0.87 0.2239 
1 1 12 10 0 3 1 2 0.48 0.4697 0.82 0.4179 
1 1 12 11 0 3 1 2 0.48 0.4697 0.82 0.4179 
1 1 12 12 0 3 1 3 0.46 0.4545 0.88 0.3881 
1 1 12 13 0 3 1 3 0.44 0.4394 0.94 0.2985 
1 1 12 14 0 3 1 2 0.48 0.4697 0.88 0.3582 
1 1 12 15 0 3 1 2 0.48 0.4697 0.88 0.3881 
1 1 12 16 0 3 1 3 0.44 0.4394 1 0.3284 
1 1 12 17 0 3 1 3 0.44 0.4394 1 0.3284 
1 1 12 18 0 3 1 2 0.44 0.4394 1 0.2985 
1 1 12 19 0 3 1 2 0.5 0.4848 0.94 0.3284 
1 1 12 20 0 3 1 2 0.5 0.4848 0.94 0.3582 
1 1 12 21 0 3 1 1 0.5 0.4848 0.88 0.2836 
1 1 12 22 0 3 1 1 0.5 0.4848 0.88 0.2537 
1 1 12 23 0 3 1 1 0.5 0.4848 0.88 0.194 
1 1 12 0 0 4 1 2 0.5 0.4848 0.82 0.1045 
1 1 12 1 0 4 1 1 0.44 0.4394 0.94 0.0896 
1 1 12 2 0 4 1 1 0.48 0.4697 0.82 0.1045 
1 1 12 3 0 4 1 1 0.44 0.4394 0.67 0.1642 
1 1 12 4 0 4 1 1 0.38 0.3939 0.82 0.1343 
1 1 12 5 0 4 1 1 0.38 0.3939 0.82 0 
1 1 12 6 0 4 1 1 0.36 0.3788 0.87 0 
1 1 12 7 0 4 1 1 0.34 0.3636 0.93 0 
1 1 12 8 0 4 1 2 0.36 0.3788 0.87 0 
1 1 12 9 0 4 1 2 0.38 0.3939 0.87 0.0896 
1 1 12 10 0 4 1 2 0.4 0.4091 0.82 0.0896 
1 1 12 11 0 4 1 2 0.44 0.4394 0.77 0 
1 1 12 12 0 4 1 2 0.48 0.4697 0.55 0 
1 1 12 13 0 4 1 2 0.46 0.4545 0.63 0 
1 1 12 14 0 4 1 2 0.46 0.4545 0.63 0 
1 1 12 15 0 4 1 2 0.48 0.4697 0.59 0 
1 1 12 16 0 4 1 2 0.46 0.4545 0.63 0 
1 1 12 17 0 4 1 2 0.44 0.4394 0.67 0.1642 
1 1 12 18 0 4 1 2 0.44 0.4394 0.62 0.0896 
1 1 12 19 0 4 1 2 0.44 0.4394 0.62 0 
1 1 12 20 0 4 1 3 0.42 0.4242 0.71 0 
1 1 12 21 0 4 1 3 0.42 0.4242 0.71 0 
1 1 12 22 0 4 1 3 0.36 0.3636 0.93 0.1045 
1 1 12 23 0 4 1 3 0.4 0.4091 0.87 0 
1 1 12 0 0 5 1 3 0.4 0.4091 0.87 0.194 
1 1 12 1 0 5 1 3 0.4 0.4091 0.87 0.194 
1 1 12 2 0 5 1 3 0.38 0.3939 0.94 0.1343 
1 1 12 3 0 5 1 3 0.38 0.3939 0.94 0.1343 
1 1 12 4 0 5 1 3 0.38 0.3939 0.94 0.2836 
1 1 12 5 0 5 1 1 0.36 0.3485 0.93 0.194 
1 1 12 6 0 5 1 1 0.38 0.3939 0.82 0.2537 
1 1 12 7 0 5 1 1 0.38 0.3939 0.82 0.2239 
1 1 12 8 0 5 1 1 0.4 0.4091 0.76 0.2537 
1 1 12 9 0 5 1 1 0.4 0.4091 0.66 0.2985 
1 1 12 10 0 5 1 1 0.4 0.4091 0.62 0.3582 
1 1 12 11 0 5 1 1 0.4 0.4091 0.58 0.4478 
1 1 12 12 0 5 1 1 0.4 0.4091 0.54 0.5224 
1 1 12 13 0 5 1 1 0.4 0.4091 0.5 0.4627 
1 1 12 14 0 5 1 1 0.4 0.4091 0.54 0.4179 
1 1 12 15 0 5 1 1 0.38 0.3939 0.54 0.3582 
1 1 12 16 0 5 1 1 0.38 0.3939 0.5 0.2985 
1 1 12 17 0 5 1 1 0.36 0.3485 0.53 0.2239 
1 1 12 18 0 5 1 1 0.36 0.3333 0.5 0.2537 
1 1 12 19 0 5 1 1 0.34 0.3333 0.53 0.194 
1 1 12 20 0 5 1 1 0.32 0.303 0.61 0.3284 
1 1 12 21 0 5 1 1 0.32 0.303 0.61 0.2239 
1 1 12 22 0 5 1 1 0.32 0.3182 0.66 0.194 
1 1 12 23 0 5 1 1 0.32 0.3333 0.66 0.1343 
1 1 12 0 0 6 0 2 0.32 0.3182 0.7 0.1642 
1 1 12 1 0 6 0 2 0.32 0.3485 0.66 0 
1 1 12 2 0 6 0 2 0.32 0.3333 0.66 0.0896 
1 1 12 3 0 6 0 2 0.32 0.3333 0.7 0.0896 
1 1 12 4 0 6 0 2 0.32 0.3182 0.66 0.1642 
1 1 12 5 0 6 0 2 0.32 0.3182 0.66 0.1642 
1 1 12 6 0 6 0 2 0.3 0.303 0.75 0.1642 
1 1 12 7 0 6 0 1 0.3 0.2727 0.7 0.3582 
1 1 12 8 0 6 0 1 0.28 0.2727 0.7 0.194 
1 1 12 9 0 6 0 1 0.3 0.2727 0.45 0.4179 
1 1 12 10 0 6 0 1 0.3 0.2576 0.42 0.4925 
1 1 12 11 0 6 0 1 0.32 0.2879 0.39 0.3582 
1 1 12 12 0 6 0 1 0.34 0.3182 0.39 0.2836 
1 1 12 13 0 6 0 1 0.34 0.303 0.39 0.2985 
1 1 12 14 0 6 0 1 0.34 0.303 0.39 0.2985 
1 1 12 15 0 6 0 1 0.32 0.303 0.39 0.2239 
1 1 12 16 0 6 0 1 0.32 0.3182 0.42 0.194 
1 1 12 17 0 6 0 1 0.28 0.2879 0.45 0.1343 
1 1 12 18 0 6 0 1 0.3 0.3182 0.42 0.0896 
1 1 12 19 0 6 0 1 0.3 0.3182 0.52 0.0896 
1 1 12 20 0 6 0 1 0.26 0.2727 0.56 0.1343 
1 1 12 21 0 6 0 1 0.26 0.2576 0.56 0.1642 
1 1 12 22 0 6 0 1 0.24 0.2879 0.52 0 
1 1 12 23 0 6 0 1 0.24 0.2576 0.56 0 
1 1 12 0 0 0 0 1 0.24 0.2273 0.6 0.194 
1 1 12 1 0 0 0 1 0.22 0.2273 0.69 0.1343 
1 1 12 2 0 0 0 1 0.22 0.2576 0.75 0.0896 
1 1 12 3 0 0 0 1 0.22 0.2727 0.72 0 
1 1 12 5 0 0 0 1 0.2 0.2273 0.75 0.1045 
1 1 12 6 0 0 0 1 0.2 0.2273 0.75 0.1045 
1 1 12 7 0 0 0 1 0.22 0.2424 0.8 0.1045 
1 1 12 8 0 0 0 1 0.2 0.2121 0.8 0.1642 
1 1 12 9 0 0 0 1 0.24 0.2424 0.87 0.1642 
1 1 12 10 0 0 0 1 0.26 0.2424 0.81 0.2537 
1 1 12 11 0 0 0 1 0.3 0.303 0.7 0.1642 
1 1 12 12 0 0 0 1 0.3 0.2727 0.75 0.2985 
1 1 12 13 0 0 0 1 0.32 0.303 0.7 0.2537 
1 1 12 14 0 0 0 1 0.34 0.3182 0.61 0.2537 
1 1 12 15 0 0 0 1 0.34 0.3333 0.61 0.194 
1 1 12 16 0 0 0 1 0.36 0.3636 0.57 0.1045 
1 1 12 17 0 0 0 1 0.34 0.3333 0.61 0.1343 
1 1 12 18 0 0 0 1 0.32 0.3182 0.7 0.194 
1 1 12 19 0 0 0 1 0.32 0.3333 0.57 0.1343 
1 1 12 20 0 0 0 1 0.32 0.3333 0.49 0.0896 
1 1 12 21 0 0 0 1 0.3 0.303 0.56 0.1343 
1 1 12 22 0 0 0 1 0.28 0.2727 0.61 0.1642 
1 1 12 23 0 0 0 1 0.26 0.2727 0.65 0.1343 
1 1 12 0 1 1 0 1 0.22 0.2273 0.75 0.1642 
1 1 12 1 1 1 0 1 0.28 0.2727 0.56 0.194 
1 1 12 2 1 1 0 1 0.34 0.3182 0.46 0.2239 
1 1 12 4 1 1 0 1 0.34 0.303 0.46 0.2985 
1 1 12 5 1 1 0 1 0.34 0.303 0.42 0.3881 
1 1 12 6 1 1 0 1 0.32 0.303 0.45 0.2836 
1 1 12 7 1 1 0 1 0.32 0.3182 0.45 0.194 
1 1 12 8 1 1 0 1 0.32 0.3333 0.45 0.1343 
1 1 12 9 1 1 0 1 0.34 0.303 0.46 0.2985 
1 1 12 10 1 1 0 1 0.34 0.2879 0.42 0.5224 
1 1 12 11 1 1 0 1 0.34 0.2879 0.46 0.5821 
1 1 12 12 1 1 0 1 0.36 0.3182 0.43 0.4627 
1 1 12 13 1 1 0 1 0.38 0.3939 0.4 0.2985 
1 1 12 14 1 1 0 1 0.38 0.3939 0.4 0.3284 
1 1 12 15 1 1 0 1 0.38 0.3939 0.4 0.2537 
1 1 12 16 1 1 0 1 0.36 0.3333 0.43 0.2836 
1 1 12 17 1 1 0 1 0.34 0.3182 0.46 0.2239 
1 1 12 18 1 1 0 1 0.32 0.3333 0.49 0.0896 
1 1 12 19 1 1 0 1 0.3 0.3182 0.65 0.0896 
1 1 12 20 1 1 0 1 0.3 0.3182 0.56 0.0896 
1 1 12 21 1 1 0 1 0.26 0.303 0.7 0 
1 1 12 22 1 1 0 1 0.26 0.303 0.7 0 
1 1 12 23 1 1 0 1 0.26 0.2727 0.7 0.1045 
1 1 12 0 0 2 1 1 0.26 0.2576 0.7 0.1642 
1 1 12 1 0 2 1 1 0.26 0.2727 0.7 0.1343 
1 1 12 2 0 2 1 1 0.26 0.2727 0.7 0.1343 
1 1 12 3 0 2 1 2 0.3 0.2879 0.61 0.2239 
1 1 12 4 0 2 1 2 0.3 0.2879 0.65 0.2239 
1 1 12 5 0 2 1 2 0.3 0.2727 0.64 0.2836 
1 1 12 6 0 2 1 2 0.3 0.2727 0.61 0.2985 
1 1 12 7 0 2 1 2 0.3 0.2879 0.65 0.2836 
1 1 12 8 0 2 1 2 0.3 0.303 0.65 0.1642 
1 1 12 9 0 2 1 3 0.32 0.3333 0.66 0.1045 
1 1 12 10 0 2 1 2 0.32 0.3333 0.66 0.0896 
1 1 12 11 0 2 1 3 0.32 0.3333 0.66 0.1045 
1 1 12 12 0 2 1 3 0.3 0.3182 0.81 0.0896 
1 1 12 13 0 2 1 3 0.3 0.303 0.87 0.1343 
1 1 12 14 0 2 1 3 0.42 0.4242 0.82 0.3881 
1 1 12 15 0 2 1 3 0.42 0.4242 0.82 0.3881 
1 1 12 16 0 2 1 3 0.44 0.4394 0.88 0.3284 
1 1 12 17 0 2 1 3 0.4 0.4091 0.87 0.1343 
1 1 12 18 0 2 1 1 0.38 0.3939 0.87 0.2836 
1 1 12 19 0 2 1 1 0.34 0.3333 0.87 0.1642 
1 1 12 20 0 2 1 1 0.32 0.3333 0.93 0.0896 
1 1 12 21 0 2 1 1 0.32 0.3333 0.87 0.0896 
1 1 12 22 0 2 1 1 0.32 0.3333 0.87 0.0896 
1 1 12 23 0 2 1 1 0.3 0.303 0.93 0.1343 
1 1 12 0 0 3 1 1 0.32 0.3182 0.87 0.1642 
1 1 12 1 0 3 1 1 0.32 0.3182 0.76 0.1642 
1 1 12 2 0 3 1 1 0.32 0.303 0.61 0.2537 
1 1 12 3 0 3 1 1 0.32 0.303 0.61 0.2537 
1 1 12 5 0 3 1 1 0.32 0.2879 0.57 0.3582 
1 1 12 6 0 3 1 1 0.32 0.303 0.57 0.2537 
1 1 12 7 0 3 1 1 0.32 0.303 0.57 0.2537 
1 1 12 8 0 3 1 1 0.32 0.2879 0.57 0.3582 
1 1 12 9 0 3 1 1 0.32 0.303 0.57 0.3284 
1 1 12 10 0 3 1 1 0.34 0.3182 0.57 0.2239 
1 1 12 11 0 3 1 1 0.36 0.3333 0.46 0.3582 
1 1 12 12 0 3 1 1 0.34 0.2879 0.46 0.5522 
1 1 12 13 0 3 1 1 0.34 0.2879 0.39 0.4627 
1 1 12 14 0 3 1 1 0.32 0.2879 0.39 0.3881 
1 1 12 15 0 3 1 1 0.32 0.2879 0.36 0.4179 
1 1 12 16 0 3 1 1 0.3 0.2727 0.36 0.4179 
1 1 12 17 0 3 1 1 0.28 0.2727 0.38 0.2537 
1 1 12 18 0 3 1 1 0.26 0.2273 0.38 0.3284 
1 1 12 19 0 3 1 1 0.24 0.2273 0.41 0.2537 
1 1 12 20 0 3 1 1 0.24 0.2273 0.41 0.2239 
1 1 12 21 0 3 1 1 0.22 0.2273 0.44 0.1343 
1 1 12 22 0 3 1 1 0.22 0.2424 0.44 0.1045 
1 1 12 23 0 3 1 1 0.22 0.2121 0.44 0.2537 
1 1 12 0 0 4 1 2 0.22 0.2273 0.47 0.194 
1 1 12 1 0 4 1 1 0.22 0.2121 0.47 0.2239 
1 1 12 2 0 4 1 1 0.2 0.2273 0.51 0.1045 
1 1 12 3 0 4 1 1 0.2 0.197 0.55 0.194 
1 1 12 4 0 4 1 1 0.2 0.2121 0.55 0.1642 
1 1 12 5 0 4 1 1 0.2 0.2273 0.55 0.1045 
1 1 12 6 0 4 1 1 0.2 0.2576 0.59 0 
1 1 12 7 0 4 1 1 0.18 0.2121 0.64 0.0896 
1 1 12 8 0 4 1 2 0.2 0.2576 0.64 0 
1 1 12 9 0 4 1 2 0.2 0.2121 0.64 0.1343 
1 1 12 10 0 4 1 2 0.22 0.2273 0.64 0.1642 
1 1 12 11 0 4 1 2 0.24 0.2576 0.6 0.0896 
1 1 12 12 0 4 1 2 0.26 0.2727 0.56 0.1045 
1 1 12 13 0 4 1 2 0.28 0.2879 0.52 0.1045 
1 1 12 14 0 4 1 2 0.3 0.3333 0.52 0 
1 1 12 15 0 4 1 2 0.3 0.3182 0.52 0.0896 
1 1 12 16 0 4 1 1 0.3 0.303 0.52 0.1642 
1 1 12 17 0 4 1 1 0.3 0.303 0.61 0.1642 
1 1 12 18 0 4 1 1 0.3 0.303 0.56 0.1343 
1 1 12 19 0 4 1 1 0.3 0.3182 0.56 0.1045 
1 1 12 20 0 4 1 1 0.28 0.2879 0.65 0.1045 
1 1 12 21 0 4 1 2 0.28 0.2879 0.61 0.1343 
1 1 12 22 0 4 1 1 0.28 0.2879 0.65 0.1343 
1 1 12 23 0 4 1 1 0.3 0.303 0.65 0.1642 
1 1 12 0 0 5 1 1 0.28 0.2879 0.7 0.1343 
1 1 12 1 0 5 1 1 0.26 0.2879 0.65 0.0896 
1 1 12 2 0 5 1 1 0.24 0.2576 0.7 0.1045 
1 1 12 3 0 5 1 1 0.24 0.2576 0.7 0.1045 
1 1 12 4 0 5 1 1 0.24 0.2576 0.7 0.0896 
1 1 12 5 0 5 1 1 0.22 0.2576 0.75 0.0896 
1 1 12 6 0 5 1 1 0.24 0.2576 0.7 0.0896 
1 1 12 7 0 5 1 1 0.24 0.2576 0.75 0.0896 
1 1 12 8 0 5 1 2 0.24 0.2576 0.75 0.0896 
1 1 12 9 0 5 1 1 0.26 0.303 0.75 0 
1 1 12 10 0 5 1 1 0.3 0.2879 0.65 0.2537 
1 1 12 11 0 5 1 1 0.32 0.3182 0.66 0.194 
1 1 12 12 0 5 1 1 0.32 0.3333 0.57 0.1343 
1 1 12 13 0 5 1 2 0.36 0.3485 0.53 0.1343 
1 1 12 14 0 5 1 2 0.4 0.4091 0.47 0.0896 
1 1 12 15 0 5 1 1 0.42 0.4242 0.44 0 
1 1 12 16 0 5 1 1 0.42 0.4242 0.47 0.194 
1 1 12 17 0 5 1 1 0.38 0.3939 0.54 0.1642 
1 1 12 18 0 5 1 1 0.36 0.3485 0.62 0.1343 
1 1 12 19 0 5 1 2 0.34 0.303 0.49 0.4179 
1 1 12 20 0 5 1 2 0.34 0.3485 0.66 0.1045 
1 1 12 21 0 5 1 2 0.36 0.3636 0.66 0.1045 
