16
32
1
1
3
14
56
93
67
28
39
9
8
70
30
88
44
51
61
61
52
78
65
83
182
112
11
2
195
46
79
169
132
89
42
19
4
86
172
163
1
134
63
73
50
72
95
51
15
1
5
9
15
20
61
62
74
69
49
83
41
15
3
52
54
45
178
38
18
3
6
130
57
95
32
19
6
1
81
49
49
139
33
20
2
3
4
3
202
139
52
83
64
40
30
15
44
61
64
159
36
27
20
10
118
44
16
32
67
17
16
5
13
33
93
92
60
27
22
35
61
125
99
33
20
2
47
104
112
76
59
1
6
143
68
91
57
56
2
1
63
65
41
13
11
7
8
40
53
84
103
30
33
18
1
28
50
35
1
5
60
45
70
1
9
108
144
55
93
84
40
17
47
36
104
59
2
1
4
149
89
26
23
15
55
64
107
43
36
32
8
3
3
38
65
21
7
8
185
112
69
161
78
8
116
47
55
64
176
64
123
76
182
63
5
2
52
60
147
38
127
64
99
155
46
11
8
10
52
72
83
39
1
8
23
182
161
78
62
5
1
2
10
30
230
47
60
216
128
243
50
50
51
176
152
54
29
7
2
99
123
59
69
58
88
83
46
37
1
99
45
48
165
14
3
140
64
84
125
101
43
30
2
114
120
174
145
41
24
2
47
105
152
134
95
51
36
2
3
55
90
90
205
98
70
45
19
4
30
105
223
52
85
1
93
222
161
73
33
6
4
4
90
101
106
146
274
139
76
8
1
113
176
191
3
6
155
196
44
29
18
2
104
198
168
147
54
37
5
3
57
90
56
11
55
55
69
118
77
21
4
36
235
87
222
141
252
137
88
69
89
2
114
189
157
90
39
28
27
7
22
74
165
2
3
14
193
282
261
81
1
5
255
80
45
80
45
1
2
214
56
88
4
1
256
76
96
110
201
95
48
13
1
145
80
106
51
23
4
1
150
95
228
44
19
25
2
63
103
205
89
52
39
2
79
105
39
25
11
2
1
34
91
211
70
96
10
4
7
45
128
257
71
78
112
108
55
4
2
3
141
71
134
18
3
1
17
82
28
27
2
259
81
113
118
53
37
34
14
1
23
158
157
244
112
38
3
122
181
194
101
8
88
84
75
107
19
3
2
11
35
282
78
102
97
114
217
18
3
111
78
12
2
3
140
299
111
207
10
36
210
117
195
118
76
3
48
278
30
12
9
4
37
78
203
224
49
13
2
18
62
79
101
107
19
1
12
136
86
121
165
312
87
32
3
44
261
273
44
9
65
71
101
90
118
5
2
9
138
150
81
39
100
125
168
239
219
248
138
51
41
20
21
14
2
7
14
108
147
30
12
2
40
254
69
79
132
2
59
106
11
1
263
154
70
36
85
44
27
2
65
85
6
4
7
28
173
89
87
111
281
77
93
21
9
5
18
196
55
39
3
62
215
292
172
31
1
157
158
124
139
386
5
134
157
46
76
160
89
26
84
13
64
81
1
1
113
221
185
42
15
63
54
51
17
14
21
133
142
201
5
4
81
230
288
236
57
32
23
13
176
314
165
104
139
383
284
24
13
14
6
226
40
106
44
54
39
3
5
34
81
309
126
99
62
70
193
89
337
259
47
18
3
13
180
163
162
80
64
21
32
78
38
14
33
25
3
43
361
343
210
19
6
54
168
169
109
184
165
90
25
3
5
162
129
192
421
168
33
9
15
197
177
432
44
177
228
481
324
204
99
2
180
195
136
80
75
51
24
17
16
4
7
19
47
312
426
177
359
194
12
10
66
353
147
188
175
237
21
26
21
148
5
84
246
148
260
218
54
9
86
398
121
163
455
48
10
74
17
7
21
156
452
224
177
143
59
50
23
10
13
141
264
281
159
178
121
100
17
518
232
64
14
459
127
217
154
271
113
1
9
52
129
410
5
7
89
271
196
192
154
16
165
213
292
190
151
120
298
378
378
354
289
219
182
64
31
160
340
268
174
50
125
195
199
598
61
2
29
425
205
127
180
203
38
99
141
177
179
289
44
17
5
112
218
191
288
103
20
25
82
146
270
152
52
35
100
167
279
279
294
295
272
248
39
50
32
17
322
437
440
392
104
394
112
193
177
127
31
13
8
207
290
283
174
9
9
101
489
331
15
103
216
130
164
547
513
5
117
517
242
330
40
43
323
418
456
506
248
131
68
6
305
373
455
331
306
300
136
9
5
4
409
204
204
187
310
72
35
4
175
564
355
189
141
35
117
313
531
234
135
299
601
2
98
489
216
194
197
90
69
18
227
243
239
94
48
4
19
50
102
358
374
161
83
61
6
30
319
402
418
287
135
79
18
6
7
16
94
366
311
309
304
149
106
17
109
235
109
106
162
175
495
61
34
6
207
152
264
190
4
3
113
139
203
525
379
248
155
68
22
277
502
230
247
171
93
94
8
87
125
369
420
456
113
47
12
385
417
279
165
86
29
8
112
299
188
153
556
336
189
173
20
4
5
126
334
151
196
308
539
551
346
41
6
136
128
459
384
16
2
314
432
94
326
254
69
4
104
213
189
517
306
185
16
380
131
14
311
350
252
223
206
140
28
7
29
224
159
227
185
326
218
365
130
143
209
159
178
386
14
4
21
121
370
498
607
330
257
4
6
25
112
388
151
153
272
188
13
6
250
181
243
450
104
95
20
57
218
420
327
326
188
89
362
397
311
26
3
46
91
94
179
565
431
316
6
2
25
171
335
572
536
425
109
11
23
311
513
4
7
24
100
432
275
400
234
20
145
216
452
288
233
95
14
186
392
392
410
307
202
187
34
51
403
213
114
78
2
9
261
150
150
158
396
305
242
145
81
21
347
246
202
189
160
166
261
579
296
134
28
116
540
170
188
328
8
320
555
260
132
233
163
240
594
323
207
13
108
263
292
381
269
78
14
45
392
349
305
78
5
92
264
390
404
375
414
167
147
86
280
423
408
436
418
386
457
326
138
39
94
227
172
162
496
368
73
5
35
121
189
185
596
394
312
35
8
292
142
171
562
129
22
241
229
132
250
121
53
247
416
373
416
401
214
140
113
96
17
25
92
35
10
317
117
128
141
514
472
130
9
176
202
428
194
79
4
5
121
449
463
10
28
334
486
148
578
400
176
124
7
274
207
166
265
587
261
58
127
222
425
296
252
10
391
472
324
369
152
558
202
91
51
412
127
158
530
11
303
138
234
455
309
242
169
42
21
78
382
284
149
113
60
14
96
322
115
109
115
123
101
133
182
284
7
236
217
125
119
96
8
22
104
154
252
238
243
153
98
6
4
277
84
78
302
194
87
138
147
254
546
267
89
4
4
123
347
114
140
268
541
245
116
154
270
196
13
27
90
384
179
161
148
233
421
90
13
42
114
174
261
341
308
206
205
50
13
45
254
275
326
306
320
304
274
164
70
17
11
150
123
231
10
21
140
274
556
454
254
191
68
122
147
492
88
77
56
3
7
20
205
165
290
366
132
19
7
16
454
163
147
204
245
372
67
53
63
215
343
269
322
229
228
136
267
349
183
124
179
126
147
12
30
149
175
164
285
292
230
37
17
5
119
180
113
139
46
11
9
307
132
187
178
298
571
288
206
5
426
130
156
222
249
226
74
18
118
421
292
90
10
6
370
292
329
347
25
153
530
184
16
4
198
111
162
192
600
376
152
5
5
209
176
347
230
27
308
420
20
8
398
222
232
220
327
47
8
133
190
338
383
225
6
14
92
274
310
235
258
12
351
121
205
225
320
6
36
114
234
472
260
80
38
27
468
185
236
204
236
181
5
132
272
147
26
105
214
237
219
249
136
145
77
30
18
205
76
23
30
306
447
469
491
387
64
34
20
13
6
207
218
182
220
591
547
367
4
6
119
218
229
196
337
143
6
244
171
309
201
157
84
21
14
105
342
207
192
198
531
64
20
260
279
346
149
98
7
89
201
258
257
339
164
75
60
30
189
328
155
97
39
101
357
253
20
1
364
185
89
29
281
58
75
328
190
10
22
237
4
2
14
56
69
65
98
126
16
29
75
122
349
116
64
37
6
460
360
315
245
175
139
76
380
339
16
4
109
312
129
212
571
69
2
8
214
539
396
272
8
31
429
178
124
277
599
261
5
8
31
145
179
223
566
482
315
163
167
126
5
37
177
249
89
36
1
69
317
364
369
325
54
37
13
139
177
568
540
200
25
6
69
337
206
6
462
180
181
283
200
95
12
101
176
285
113
8
22
29
248
148
46
121
407
460
452
400
308
243
222
8
361
186
137
79
8
5
25
205
154
159
313
383
182
136
37
11
10
122
162
258
238
196
121
3
155
181
524
87
71
23
2
225
127
158
211
167
384
3
254
511
58
8
195
223
140
66
7
248
308
173
206
167
87
64
25
16
94
153
54
27
3
7
27
309
194
309
261
3
190
593
40
302
208
226
195
323
538
343
27
241
270
419
20
8
73
217
337
496
359
187
149
142
78
15
185
365
455
193
173
53
34
44
114
365
459
175
11
3
539
234
175
57
25
259
197
55
172
109
90
15
4
6
17
81
109
69
155
123
114
47
24
6
147
87
230
481
178
143
20
207
166
12
7
10
190
438
412
178
17
205
205
620
518
333
229
21
102
570
206
16
210
149
130
197
145
26
92
318
129
469
241
90
18
7
85
198
184
113
96
20
114
343
359
360
335
144
108
71
6
21
88
143
289
333
193
99
15
177
310
126
59
4
24
408
128
200
518
248
201
12
3
3
5
21
92
331
135
75
15
46
62
74
322
240
374
446
74
18
17
1
20
41
43
39
50
36
50
345
300
290
320
92
71
37
227
105
152
141
486
4
8
93
254
222
176
167
506
460
209
96
72
27
251
472
144
189
161
553
282
106
31
7
292
110
433
252
209
7
23
66
245
395
201
237
290
115
8
238
386
335
237
75
29
6
5
170
262
320
320
306
256
45
3
99
410
128
179
145
295
300
108
3
4
99
466
147
289
108
13
456
167
151
161
24
5
3
436
211
73
136
66
19
13
201
170
310
208
109
46
17
353
285
5
135
371
310
157
67
17
114
128
203
28
319
153
147
441
286
168
31
4
36
60
66
123
75
24
3
4
22
355
81
116
399
217
116
10
2
165
177
154
209
378
111
41
200
363
349
287
163
108
106
56
9
65
229
286
363
203
113
105
40
12
20
128
134
135
137
80
78
7
18
64
21
35
34
148
111
127
90
87
69
167
116
174
145
122
66
24
22
6
46
81
142
175
149
114
28
29
10
5
13
35
95
272
310
261
134
95
58
17
3
17
60
230
299
146
141
65
69
46
17
4
9
111
240
256
313
32
5
277
107
118
109
5
449
65
358
250
24
5
103
193
122
226
376
279
50
9
93
102
150
418
190
1
87
205
445
207
372
190
111
71
6
343
337
232
127
109
114
85
83
62
11
26
55
357
45
24
2
308
205
106
86
414
204
71
45
114
86
51
33
26
13
16
1
12
71
429
137
208
318
175
61
199
264
129
77
3
6
149
236
286
124
83
107
288
20
4
3
235
385
115
111
359
241
165
71
4
2
4
223
400
233
134
151
139
22
8
4
26
115
133
151
175
154
50
3
24
92
457
109
132
131
155
124
82
459
295
102
106
43
58
26
20
59
100
181
209
228
96
46
18
207
104
3
191
397
183
108
127
142
208
378
354
127
6
432
129
143
107
53
58
229
280
54
27
6
3
228
141
202
214
256
11
12
104
174
170
95
76
50
16
5
27
56
99
68
6
4
4
23
44
30
16
26
19
11
10
19
70
100
97
3
30
24
14
115
69
63
10
12
4
9
189
111
167
250
169
151
70
33
10
177
135
96
45
20
12
2
95
205
194
197
112
