21
6
11
2
4
15
72
268
432
259
129
129
175
181
138
154
238
431
411
224
147
143
107
53
25
11
4
2
2
28
76
229
405
234
89
56
61
58
51
61
101
229
280
209
167
123
105
54
27
15
11
6
3
16
64
186
343
228
141
145
202
188
159
214
256
356
288
142
33
17
17
11
9
12
13
4
2
8
40
92
182
156
104
174
170
194
200
203
181
140
95
76
50
32
47
25
23
16
26
5
3
4
10
10
27
56
56
71
94
121
85
97
99
68
35
25
24
19
20
17
6
4
2
4
1
1
4
5
23
43
85
66
79
86
91
86
44
30
16
26
19
17
16
11
10
7
2
4
4
19
18
62
70
91
100
140
153
131
97
97
75
65
56
49
27
29
12
6
4
3
3
8
35
80
164
104
60
30
24
20
14
19
46
115
135
90
69
63
32
26
10
12
7
4
9
43
110
217
189
96
111
140
159
120
117
167
250
169
151
79
70
33
39
28
15
3
2
3
10
41
106
210
170
110
122
130
131
142
177
177
240
207
135
96
68
55
45
30
20
12
6
2
10
32
95
205
194
118
171
197
207
245
292
283
242
182
112
91
95
85
73
44
35
28
18
10
1
6
19
49
90
128
217
273
313
300
253
195
129
93
92
71
52
38
31
