1 0 12 20 1 0 0 0 0 0 0 0 0 0 0 0 0 0 0 0 0 0 0 0 0 0 0 0 1 14.76 18.18 57 7.0015 0 0 1 
1 0 12 20 0 1 0 0 0 0 0 0 0 0 0 0 0 0 0 0 0 0 0 0 0 0 0 0 1 14.76 18.94 53 0 0 0 1 
1 0 12 20 0 0 1 0 0 0 0 0 0 0 0 0 0 0 0 0 0 0 0 0 0 0 0 0 2 13.94 18.18 61 0 0 0 1 
1 0 12 20 0 0 0 1 0 0 0 0 0 0 0 0 0 0 0 0 0 0 0 0 0 0 0 0 2 13.94 18.18 61 0 0 0 1 
1 0 12 20 0 0 0 0 1 0 0 0 0 0 0 0 0 0 0 0 0 0 0 0 0 0 0 0 2 14.76 18.18 53 7.0015 0 0 1 
1 0 12 20 0 0 0 0 0 1 0 0 0 0 0 0 0 0 0 0 0 0 0 0 0 0 0 0 2 14.76 18.94 57 0 0 0 1 
1 0 12 20 0 0 0 0 0 0 1 0 0 0 0 0 0 0 0 0 0 0 0 0 0 0 0 0 2 14.76 18.94 57 0 0 0 0 
1 0 12 20 0 0 0 0 0 0 0 1 0 0 0 0 0 0 0 0 0 0 0 0 0 0 0 0 2 14.76 18.94 62 0 0 1 0 
1 0 12 20 0 0 0 0 0 0 0 0 1 0 0 0 0 0 0 0 0 0 0 0 0 0 0 0 2 17.22 21.21 54 6.0032 0 1 0 
1 0 12 20 0 0 0 0 0 0 0 0 0 1 0 0 0 0 0 0 0 0 0 0 0 0 0 0 2 14.76 18.94 66 0 0 1 0 
1 0 12 20 0 0 0 0 0 0 0 0 0 0 1 0 0 0 0 0 0 0 0 0 0 0 0 0 2 17.22 21.21 58 12.998 0 0 0 
1 0 12 20 0 0 0 0 0 0 0 0 0 0 0 1 0 0 0 0 0 0 0 0 0 0 0 0 2 16.4 20.455 62 11.0014 0 0 0 
1 0 12 20 0 0 0 0 0 0 0 0 0 0 0 0 1 0 0 0 0 0 0 0 0 0 0 0 2 18.04 21.97 54 8.9981 0 0 0 
1 0 12 20 0 0 0 0 0 0 0 0 0 0 0 0 0 1 0 0 0 0 0 0 0 0 0 0 2 18.04 21.97 54 8.9981 0 0 0 
1 0 12 20 0 0 0 0 0 0 0 0 0 0 0 0 0 0 1 0 0 0 0 0 0 0 0 0 2 18.04 21.97 58 7.0015 0 0 0 
1 0 12 20 0 0 0 0 0 0 0 0 0 0 0 0 0 0 0 1 0 0 0 0 0 0 0 0 2 18.04 21.97 54 0 0 0 0 
1 0 12 20 0 0 0 0 0 0 0 0 0 0 0 0 0 0 0 0 1 0 0 0 0 0 0 0 1 18.04 21.97 54 0 0 0 0 
1 0 12 20 0 0 0 0 0 0 0 0 0 0 0 0 0 0 0 0 0 1 0 0 0 0 0 0 1 16.4 20.455 62 11.0014 0 1 0 
1 0 12 20 0 0 0 0 0 0 0 0 0 0 0 0 0 0 0 0 0 0 1 0 0 0 0 0 1 15.58 19.695 66 12.998 0 1 0 
1 0 12 20 0 0 0 0 0 0 0 0 0 0 0 0 0 0 0 0 0 0 0 1 0 0 0 0 1 15.58 19.695 66 0 0 1 0 
1 0 12 20 0 0 0 0 0 0 0 0 0 0 0 0 0 0 0 0 0 0 0 0 1 0 0 0 1 14.76 18.94 66 0 0 0 0 
1 0 12 20 0 0 0 0 0 0 0 0 0 0 0 0 0 0 0 0 0 0 0 0 0 1 0 0 1 14.76 18.18 66 6.0032 0 0 0 
1 0 12 20 0 0 0 0 0 0 0 0 0 0 0 0 0 0 0 0 0 0 0 0 0 0 1 0 2 14.76 18.94 66 0 0 0 0 
1 0 12 20 0 0 0 0 0 0 0 0 0 0 0 0 0 0 0 0 0 0 0 0 0 0 0 1 2 15.58 19.695 62 0 0 0 0 
1 0 12 21 1 0 0 0 0 0 0 0 0 0 0 0 0 0 0 0 0 0 0 0 0 0 0 0 2 13.94 16.665 71 8.9981 0 0 1 
1 0 12 21 0 1 0 0 0 0 0 0 0 0 0 0 0 0 0 0 0 0 0 0 0 0 0 0 2 14.76 18.18 66 7.0015 0 0 1 
1 0 12 21 0 0 1 0 0 0 0 0 0 0 0 0 0 0 0 0 0 0 0 0 0 0 0 0 2 14.76 18.94 71 0 0 0 1 
1 0 12 21 0 0 0 1 0 0 0 0 0 0 0 0 0 0 0 0 0 0 0 0 0 0 0 0 2 14.76 18.94 71 0 0 0 1 
1 0 12 21 0 0 0 0 1 0 0 0 0 0 0 0 0 0 0 0 0 0 0 0 0 0 0 0 2 14.76 18.94 71 0 0 0 1 
1 0 12 21 0 0 0 0 0 1 0 0 0 0 0 0 0 0 0 0 0 0 0 0 0 0 0 0 2 15.58 19.695 82 7.0015 0 0 1 
1 0 12 21 0 0 0 0 0 0 1 0 0 0 0 0 0 0 0 0 0 0 0 0 0 0 0 0 2 14.76 18.94 87 0 0 0 0 
1 0 12 21 0 0 0 0 0 0 0 1 0 0 0 0 0 0 0 0 0 0 0 0 0 0 0 0 2 14.76 18.18 87 7.0015 0 1 0 
1 0 12 21 0 0 0 0 0 0 0 0 1 0 0 0 0 0 0 0 0 0 0 0 0 0 0 0 3 14.76 18.94 93 0 0 1 0 
1 0 12 21 0 0 0 0 0 0 0 0 0 1 0 0 0 0 0 0 0 0 0 0 0 0 0 0 2 16.4 20.455 87 15.0013 0 1 0 
1 0 12 21 0 0 0 0 0 0 0 0 0 0 1 0 0 0 0 0 0 0 0 0 0 0 0 0 2 19.68 23.485 82 27.9993 0 0 0 
1 0 12 21 0 0 0 0 0 0 0 0 0 0 0 1 0 0 0 0 0 0 0 0 0 0 0 0 2 19.68 23.485 82 27.9993 0 0 0 
1 0 12 21 0 0 0 0 0 0 0 0 0 0 0 0 1 0 0 0 0 0 0 0 0 0 0 0 3 18.86 22.725 88 26.0027 0 0 0 
1 0 12 21 0 0 0 0 0 0 0 0 0 0 0 0 0 1 0 0 0 0 0 0 0 0 0 0 3 18.04 21.97 94 19.9995 0 0 0 
1 0 12 21 0 0 0 0 0 0 0 0 0 0 0 0 0 0 1 0 0 0 0 0 0 0 0 0 2 19.68 23.485 88 23.9994 0 0 0 
1 0 12 21 0 0 0 0 0 0 0 0 0 0 0 0 0 0 0 1 0 0 0 0 0 0 0 0 2 19.68 23.485 88 26.0027 0 0 0 
1 0 12 21 0 0 0 0 0 0 0 0 0 0 0 0 0 0 0 0 1 0 0 0 0 0 0 0 3 18.04 21.97 100 22.0028 0 0 0 
1 0 12 21 0 0 0 0 0 0 0 0 0 0 0 0 0 0 0 0 0 1 0 0 0 0 0 0 3 18.04 21.97 100 22.0028 0 1 0 
1 0 12 21 0 0 0 0 0 0 0 0 0 0 0 0 0 0 0 0 0 0 1 0 0 0 0 0 2 18.04 21.97 100 19.9995 0 1 0 
1 0 12 21 0 0 0 0 0 0 0 0 0 0 0 0 0 0 0 0 0 0 0 1 0 0 0 0 2 20.5 24.24 94 22.0028 0 1 0 
1 0 12 21 0 0 0 0 0 0 0 0 0 0 0 0 0 0 0 0 0 0 0 0 1 0 0 0 2 20.5 24.24 94 23.9994 0 0 0 
1 0 12 21 0 0 0 0 0 0 0 0 0 0 0 0 0 0 0 0 0 0 0 0 0 1 0 0 1 20.5 24.24 88 19.0012 0 0 0 
1 0 12 21 0 0 0 0 0 0 0 0 0 0 0 0 0 0 0 0 0 0 0 0 0 0 1 0 1 20.5 24.24 88 16.9979 0 0 0 
1 0 12 21 0 0 0 0 0 0 0 0 0 0 0 0 0 0 0 0 0 0 0 0 0 0 0 1 1 20.5 24.24 88 12.998 0 0 0 
1 0 12 22 1 0 0 0 0 0 0 0 0 0 0 0 0 0 0 0 0 0 0 0 0 0 0 0 2 20.5 24.24 82 7.0015 0 0 1 
1 0 12 22 0 1 0 0 0 0 0 0 0 0 0 0 0 0 0 0 0 0 0 0 0 0 0 0 1 18.04 21.97 94 6.0032 0 0 1 
1 0 12 22 0 0 1 0 0 0 0 0 0 0 0 0 0 0 0 0 0 0 0 0 0 0 0 0 1 19.68 23.485 82 7.0015 0 0 1 
1 0 12 22 0 0 0 1 0 0 0 0 0 0 0 0 0 0 0 0 0 0 0 0 0 0 0 0 1 18.04 21.97 67 11.0014 0 0 1 
1 0 12 22 0 0 0 0 1 0 0 0 0 0 0 0 0 0 0 0 0 0 0 0 0 0 0 0 1 15.58 19.695 82 8.9981 0 0 1 
1 0 12 22 0 0 0 0 0 1 0 0 0 0 0 0 0 0 0 0 0 0 0 0 0 0 0 0 1 15.58 19.695 82 0 0 0 1 
1 0 12 22 0 0 0 0 0 0 1 0 0 0 0 0 0 0 0 0 0 0 0 0 0 0 0 0 1 14.76 18.94 87 0 0 0 0 
1 0 12 22 0 0 0 0 0 0 0 1 0 0 0 0 0 0 0 0 0 0 0 0 0 0 0 0 1 13.94 18.18 93 0 0 1 0 
1 0 12 22 0 0 0 0 0 0 0 0 1 0 0 0 0 0 0 0 0 0 0 0 0 0 0 0 2 14.76 18.94 87 0 0 1 0 
1 0 12 22 0 0 0 0 0 0 0 0 0 1 0 0 0 0 0 0 0 0 0 0 0 0 0 0 2 15.58 19.695 87 6.0032 0 1 0 
1 0 12 22 0 0 0 0 0 0 0 0 0 0 1 0 0 0 0 0 0 0 0 0 0 0 0 0 2 16.4 20.455 82 6.0032 0 0 0 
1 0 12 22 0 0 0 0 0 0 0 0 0 0 0 1 0 0 0 0 0 0 0 0 0 0 0 0 2 18.04 21.97 77 0 0 0 0 
1 0 12 22 0 0 0 0 0 0 0 0 0 0 0 0 1 0 0 0 0 0 0 0 0 0 0 0 2 19.68 23.485 55 0 0 0 0 
1 0 12 22 0 0 0 0 0 0 0 0 0 0 0 0 0 1 0 0 0 0 0 0 0 0 0 0 2 18.86 22.725 63 0 0 0 0 
1 0 12 22 0 0 0 0 0 0 0 0 0 0 0 0 0 0 1 0 0 0 0 0 0 0 0 0 2 18.86 22.725 63 0 0 0 0 
1 0 12 22 0 0 0 0 0 0 0 0 0 0 0 0 0 0 0 1 0 0 0 0 0 0 0 0 2 19.68 23.485 59 0 0 0 0 
1 0 12 22 0 0 0 0 0 0 0 0 0 0 0 0 0 0 0 0 1 0 0 0 0 0 0 0 2 18.86 22.725 63 0 0 0 0 
1 0 12 22 0 0 0 0 0 0 0 0 0 0 0 0 0 0 0 0 0 1 0 0 0 0 0 0 2 18.04 21.97 67 11.0014 0 1 0 
1 0 12 22 0 0 0 0 0 0 0 0 0 0 0 0 0 0 0 0 0 0 1 0 0 0 0 0 2 18.04 21.97 62 6.0032 0 1 0 
1 0 12 22 0 0 0 0 0 0 0 0 0 0 0 0 0 0 0 0 0 0 0 1 0 0 0 0 2 18.04 21.97 62 0 0 1 0 
1 0 12 22 0 0 0 0 0 0 0 0 0 0 0 0 0 0 0 0 0 0 0 0 1 0 0 0 3 17.22 21.21 71 0 0 0 0 
1 0 12 22 0 0 0 0 0 0 0 0 0 0 0 0 0 0 0 0 0 0 0 0 0 1 0 0 3 17.22 21.21 71 0 0 0 0 
1 0 12 22 0 0 0 0 0 0 0 0 0 0 0 0 0 0 0 0 0 0 0 0 0 0 1 0 3 14.76 18.18 93 7.0015 0 0 0 
1 0 12 22 0 0 0 0 0 0 0 0 0 0 0 0 0 0 0 0 0 0 0 0 0 0 0 1 3 16.4 20.455 87 0 0 0 0 
1 0 12 23 1 0 0 0 0 0 0 0 0 0 0 0 0 0 0 0 0 0 0 0 0 0 0 0 3 16.4 20.455 87 12.998 0 0 1 
1 0 12 23 0 1 0 0 0 0 0 0 0 0 0 0 0 0 0 0 0 0 0 0 0 0 0 0 3 16.4 20.455 87 12.998 0 0 1 
1 0 12 23 0 0 1 0 0 0 0 0 0 0 0 0 0 0 0 0 0 0 0 0 0 0 0 0 3 15.58 19.695 94 8.9981 0 0 1 
1 0 12 23 0 0 0 1 0 0 0 0 0 0 0 0 0 0 0 0 0 0 0 0 0 0 0 0 3 15.58 19.695 94 8.9981 0 0 1 
1 0 12 23 0 0 0 0 1 0 0 0 0 0 0 0 0 0 0 0 0 0 0 0 0 0 0 0 3 15.58 19.695 94 19.0012 0 0 1 
1 0 12 23 0 0 0 0 0 1 0 0 0 0 0 0 0 0 0 0 0 0 0 0 0 0 0 0 1 14.76 17.425 93 12.998 0 0 1 
1 0 12 23 0 0 0 0 0 0 1 0 0 0 0 0 0 0 0 0 0 0 0 0 0 0 0 0 1 15.58 19.695 82 16.9979 0 0 0 
1 0 12 23 0 0 0 0 0 0 0 1 0 0 0 0 0 0 0 0 0 0 0 0 0 0 0 0 1 15.58 19.695 82 15.0013 0 1 0 
1 0 12 23 0 0 0 0 0 0 0 0 1 0 0 0 0 0 0 0 0 0 0 0 0 0 0 0 1 16.4 20.455 76 16.9979 0 1 0 
1 0 12 23 0 0 0 0 0 0 0 0 0 1 0 0 0 0 0 0 0 0 0 0 0 0 0 0 1 16.4 20.455 66 19.9995 0 1 0 
1 0 12 23 0 0 0 0 0 0 0 0 0 0 1 0 0 0 0 0 0 0 0 0 0 0 0 0 1 16.4 20.455 62 23.9994 0 0 0 
1 0 12 23 0 0 0 0 0 0 0 0 0 0 0 1 0 0 0 0 0 0 0 0 0 0 0 0 1 16.4 20.455 58 30.0026 0 0 0 
1 0 12 23 0 0 0 0 0 0 0 0 0 0 0 0 1 0 0 0 0 0 0 0 0 0 0 0 1 16.4 20.455 54 35.0008 0 0 0 
1 0 12 23 0 0 0 0 0 0 0 0 0 0 0 0 0 1 0 0 0 0 0 0 0 0 0 0 1 16.4 20.455 50 31.0009 0 0 0 
1 0 12 23 0 0 0 0 0 0 0 0 0 0 0 0 0 0 1 0 0 0 0 0 0 0 0 0 1 16.4 20.455 54 27.9993 0 0 0 
1 0 12 23 0 0 0 0 0 0 0 0 0 0 0 0 0 0 0 1 0 0 0 0 0 0 0 0 1 15.58 19.695 54 23.9994 0 0 0 
1 0 12 23 0 0 0 0 0 0 0 0 0 0 0 0 0 0 0 0 1 0 0 0 0 0 0 0 1 15.58 19.695 50 19.9995 0 0 0 
1 0 12 23 0 0 0 0 0 0 0 0 0 0 0 0 0 0 0 0 0 1 0 0 0 0 0 0 1 14.76 17.425 53 15.0013 0 1 0 
1 0 12 23 0 0 0 0 0 0 0 0 0 0 0 0 0 0 0 0 0 0 1 0 0 0 0 0 1 14.76 16.665 50 16.9979 0 1 0 
1 0 12 23 0 0 0 0 0 0 0 0 0 0 0 0 0 0 0 0 0 0 0 1 0 0 0 0 1 13.94 16.665 53 12.998 0 1 0 
1 0 12 23 0 0 0 0 0 0 0 0 0 0 0 0 0 0 0 0 0 0 0 0 1 0 0 0 1 13.12 15.15 61 22.0028 0 0 0 
1 0 12 23 0 0 0 0 0 0 0 0 0 0 0 0 0 0 0 0 0 0 0 0 0 1 0 0 1 13.12 15.15 61 15.0013 0 0 0 
1 0 12 23 0 0 0 0 0 0 0 0 0 0 0 0 0 0 0 0 0 0 0 0 0 0 1 0 1 13.12 15.91 66 12.998 0 0 0 
1 0 12 23 0 0 0 0 0 0 0 0 0 0 0 0 0 0 0 0 0 0 0 0 0 0 0 1 1 13.12 16.665 66 8.9981 0 0 0 
1 0 12 24 1 0 0 0 0 0 0 0 0 0 0 0 0 0 0 0 0 0 0 0 0 0 0 0 2 13.12 15.91 70 11.0014 1 0 0 
1 0 12 24 0 1 0 0 0 0 0 0 0 0 0 0 0 0 0 0 0 0 0 0 0 0 0 0 2 13.12 17.425 66 0 1 0 0 
1 0 12 24 0 0 1 0 0 0 0 0 0 0 0 0 0 0 0 0 0 0 0 0 0 0 0 0 2 13.12 16.665 66 6.0032 1 0 0 
1 0 12 24 0 0 0 1 0 0 0 0 0 0 0 0 0 0 0 0 0 0 0 0 0 0 0 0 2 13.12 16.665 70 6.0032 1 0 1 
1 0 12 24 0 0 0 0 1 0 0 0 0 0 0 0 0 0 0 0 0 0 0 0 0 0 0 0 2 13.12 15.91 66 11.0014 1 0 1 
1 0 12 24 0 0 0 0 0 1 0 0 0 0 0 0 0 0 0 0 0 0 0 0 0 0 0 0 2 13.12 15.91 66 11.0014 1 0 1 
1 0 12 24 0 0 0 0 0 0 1 0 0 0 0 0 0 0 0 0 0 0 0 0 0 0 0 0 2 12.3 15.15 75 11.0014 1 0 1 
1 0 12 24 0 0 0 0 0 0 0 1 0 0 0 0 0 0 0 0 0 0 0 0 0 0 0 0 1 12.3 13.635 70 23.9994 1 0 1 
1 0 12 24 0 0 0 0 0 0 0 0 1 0 0 0 0 0 0 0 0 0 0 0 0 0 0 0 1 11.48 13.635 70 12.998 1 0 1 
1 0 12 24 0 0 0 0 0 0 0 0 0 1 0 0 0 0 0 0 0 0 0 0 0 0 0 0 1 12.3 13.635 45 27.9993 1 0 0 
1 0 12 24 0 0 0 0 0 0 0 0 0 0 1 0 0 0 0 0 0 0 0 0 0 0 0 0 1 12.3 12.88 42 32.9975 1 0 0 
1 0 12 24 0 0 0 0 0 0 0 0 0 0 0 1 0 0 0 0 0 0 0 0 0 0 0 0 1 13.12 14.395 39 23.9994 1 0 0 
1 0 12 24 0 0 0 0 0 0 0 0 0 0 0 0 1 0 0 0 0 0 0 0 0 0 0 0 1 13.94 15.91 39 19.0012 1 1 0 
1 0 12 24 0 0 0 0 0 0 0 0 0 0 0 0 0 1 0 0 0 0 0 0 0 0 0 0 1 13.94 15.15 39 19.9995 1 1 0 
1 0 12 24 0 0 0 0 0 0 0 0 0 0 0 0 0 0 1 0 0 0 0 0 0 0 0 0 1 13.94 15.15 39 19.9995 1 1 0 
1 0 12 24 0 0 0 0 0 0 0 0 0 0 0 0 0 0 0 1 0 0 0 0 0 0 0 0 1 13.12 15.15 39 15.0013 1 1 0 
1 0 12 24 0 0 0 0 0 0 0 0 0 0 0 0 0 0 0 0 1 0 0 0 0 0 0 0 1 13.12 15.91 42 12.998 1 1 0 
1 0 12 24 0 0 0 0 0 0 0 0 0 0 0 0 0 0 0 0 0 1 0 0 0 0 0 0 1 11.48 14.395 45 8.9981 1 0 0 
1 0 12 24 0 0 0 0 0 0 0 0 0 0 0 0 0 0 0 0 0 0 1 0 0 0 0 0 1 12.3 15.91 42 6.0032 1 0 0 
1 0 12 24 0 0 0 0 0 0 0 0 0 0 0 0 0 0 0 0 0 0 0 1 0 0 0 0 1 12.3 15.91 52 6.0032 1 0 0 
1 0 12 24 0 0 0 0 0 0 0 0 0 0 0 0 0 0 0 0 0 0 0 0 1 0 0 0 1 10.66 13.635 56 8.9981 1 0 0 
1 0 12 24 0 0 0 0 0 0 0 0 0 0 0 0 0 0 0 0 0 0 0 0 0 1 0 0 1 10.66 12.88 56 11.0014 1 0 0 
1 0 12 24 0 0 0 0 0 0 0 0 0 0 0 0 0 0 0 0 0 0 0 0 0 0 1 0 1 9.84 14.395 52 0 1 0 0 
1 0 12 24 0 0 0 0 0 0 0 0 0 0 0 0 0 0 0 0 0 0 0 0 0 0 0 1 1 9.84 12.88 56 0 1 0 0 
1 0 12 25 1 0 0 0 0 0 0 0 0 0 0 0 0 0 0 0 0 0 0 0 0 0 0 0 1 9.84 11.365 60 12.998 1 0 0 
1 0 12 25 0 1 0 0 0 0 0 0 0 0 0 0 0 0 0 0 0 0 0 0 0 0 0 0 1 9.02 11.365 69 8.9981 1 0 0 
1 0 12 25 0 0 1 0 0 0 0 0 0 0 0 0 0 0 0 0 0 0 0 0 0 0 0 0 1 9.02 12.88 75 6.0032 1 0 0 
1 0 12 25 0 0 0 1 0 0 0 0 0 0 0 0 0 0 0 0 0 0 0 0 0 0 0 0 1 9.02 13.635 72 0 1 0 1 
1 0 12 25 0 0 0 0 0 1 0 0 0 0 0 0 0 0 0 0 0 0 0 0 0 0 0 0 1 8.2 11.365 75 7.0015 1 0 1 
1 0 12 25 0 0 0 0 0 0 1 0 0 0 0 0 0 0 0 0 0 0 0 0 0 0 0 0 1 8.2 11.365 75 7.0015 1 0 1 
1 0 12 25 0 0 0 0 0 0 0 1 0 0 0 0 0 0 0 0 0 0 0 0 0 0 0 0 1 9.02 12.12 80 7.0015 1 0 1 
1 0 12 25 0 0 0 0 0 0 0 0 1 0 0 0 0 0 0 0 0 0 0 0 0 0 0 0 1 8.2 10.605 80 11.0014 1 0 1 
1 0 12 25 0 0 0 0 0 0 0 0 0 1 0 0 0 0 0 0 0 0 0 0 0 0 0 0 1 9.84 12.12 87 11.0014 1 0 0 
1 0 12 25 0 0 0 0 0 0 0 0 0 0 1 0 0 0 0 0 0 0 0 0 0 0 0 0 1 10.66 12.12 81 16.9979 1 0 0 
1 0 12 25 0 0 0 0 0 0 0 0 0 0 0 1 0 0 0 0 0 0 0 0 0 0 0 0 1 12.3 15.15 70 11.0014 1 0 0 
1 0 12 25 0 0 0 0 0 0 0 0 0 0 0 0 1 0 0 0 0 0 0 0 0 0 0 0 1 12.3 13.635 75 19.9995 1 1 0 
1 0 12 25 0 0 0 0 0 0 0 0 0 0 0 0 0 1 0 0 0 0 0 0 0 0 0 0 1 13.12 15.15 70 16.9979 1 1 0 
1 0 12 25 0 0 0 0 0 0 0 0 0 0 0 0 0 0 1 0 0 0 0 0 0 0 0 0 1 13.94 15.91 61 16.9979 1 1 0 
1 0 12 25 0 0 0 0 0 0 0 0 0 0 0 0 0 0 0 1 0 0 0 0 0 0 0 0 1 13.94 16.665 61 12.998 1 1 0 
1 0 12 25 0 0 0 0 0 0 0 0 0 0 0 0 0 0 0 0 1 0 0 0 0 0 0 0 1 14.76 18.18 57 7.0015 1 1 0 
1 0 12 25 0 0 0 0 0 0 0 0 0 0 0 0 0 0 0 0 0 1 0 0 0 0 0 0 1 13.94 16.665 61 8.9981 1 0 0 
1 0 12 25 0 0 0 0 0 0 0 0 0 0 0 0 0 0 0 0 0 0 1 0 0 0 0 0 1 13.12 15.91 70 12.998 1 0 0 
1 0 12 25 0 0 0 0 0 0 0 0 0 0 0 0 0 0 0 0 0 0 0 1 0 0 0 0 1 13.12 16.665 57 8.9981 1 0 0 
1 0 12 25 0 0 0 0 0 0 0 0 0 0 0 0 0 0 0 0 0 0 0 0 1 0 0 0 1 13.12 16.665 49 6.0032 1 0 0 
1 0 12 25 0 0 0 0 0 0 0 0 0 0 0 0 0 0 0 0 0 0 0 0 0 1 0 0 1 12.3 15.15 56 8.9981 1 0 0 
1 0 12 25 0 0 0 0 0 0 0 0 0 0 0 0 0 0 0 0 0 0 0 0 0 0 1 0 1 11.48 13.635 61 11.0014 1 0 0 
1 0 12 25 0 0 0 0 0 0 0 0 0 0 0 0 0 0 0 0 0 0 0 0 0 0 0 1 1 10.66 13.635 65 8.9981 1 0 0 
1 0 12 26 1 0 0 0 0 0 0 0 0 0 0 0 0 0 0 0 0 0 0 0 0 0 0 0 1 9.02 11.365 75 11.0014 0 0 1 
1 0 12 26 0 1 0 0 0 0 0 0 0 0 0 0 0 0 0 0 0 0 0 0 0 0 0 0 1 11.48 13.635 56 12.998 0 0 1 
1 0 12 26 0 0 1 0 0 0 0 0 0 0 0 0 0 0 0 0 0 0 0 0 0 0 0 0 1 13.94 15.91 46 15.0013 0 0 1 
1 0 12 26 0 0 0 0 1 0 0 0 0 0 0 0 0 0 0 0 0 0 0 0 0 0 0 0 1 13.94 15.15 46 19.9995 0 0 1 
1 0 12 26 0 0 0 0 0 1 0 0 0 0 0 0 0 0 0 0 0 0 0 0 0 0 0 0 1 13.94 15.15 42 26.0027 0 0 1 
1 0 12 26 0 0 0 0 0 0 1 0 0 0 0 0 0 0 0 0 0 0 0 0 0 0 0 0 1 13.12 15.15 45 19.0012 0 0 0 
1 0 12 26 0 0 0 0 0 0 0 1 0 0 0 0 0 0 0 0 0 0 0 0 0 0 0 0 1 13.12 15.91 45 12.998 0 1 0 
1 0 12 26 0 0 0 0 0 0 0 0 1 0 0 0 0 0 0 0 0 0 0 0 0 0 0 0 1 13.12 16.665 45 8.9981 0 1 0 
1 0 12 26 0 0 0 0 0 0 0 0 0 1 0 0 0 0 0 0 0 0 0 0 0 0 0 0 1 13.94 15.15 46 19.9995 0 1 0 
1 0 12 26 0 0 0 0 0 0 0 0 0 0 1 0 0 0 0 0 0 0 0 0 0 0 0 0 1 13.94 14.395 42 35.0008 0 0 0 
1 0 12 26 0 0 0 0 0 0 0 0 0 0 0 1 0 0 0 0 0 0 0 0 0 0 0 0 1 13.94 14.395 46 39.0007 0 0 0 
1 0 12 26 0 0 0 0 0 0 0 0 0 0 0 0 1 0 0 0 0 0 0 0 0 0 0 0 1 14.76 15.91 43 31.0009 0 0 0 
1 0 12 26 0 0 0 0 0 0 0 0 0 0 0 0 0 1 0 0 0 0 0 0 0 0 0 0 1 15.58 19.695 40 19.9995 0 0 0 
1 0 12 26 0 0 0 0 0 0 0 0 0 0 0 0 0 0 1 0 0 0 0 0 0 0 0 0 1 15.58 19.695 40 22.0028 0 0 0 
1 0 12 26 0 0 0 0 0 0 0 0 0 0 0 0 0 0 0 1 0 0 0 0 0 0 0 0 1 15.58 19.695 40 16.9979 0 0 0 
1 0 12 26 0 0 0 0 0 0 0 0 0 0 0 0 0 0 0 0 1 0 0 0 0 0 0 0 1 14.76 16.665 43 19.0012 0 0 0 
1 0 12 26 0 0 0 0 0 0 0 0 0 0 0 0 0 0 0 0 0 1 0 0 0 0 0 0 1 13.94 15.91 46 15.0013 0 1 0 
1 0 12 26 0 0 0 0 0 0 0 0 0 0 0 0 0 0 0 0 0 0 1 0 0 0 0 0 1 13.12 16.665 49 6.0032 0 1 0 
1 0 12 26 0 0 0 0 0 0 0 0 0 0 0 0 0 0 0 0 0 0 0 1 0 0 0 0 1 12.3 15.91 65 6.0032 0 1 0 
1 0 12 26 0 0 0 0 0 0 0 0 0 0 0 0 0 0 0 0 0 0 0 0 1 0 0 0 1 12.3 15.91 56 6.0032 0 0 0 
1 0 12 26 0 0 0 0 0 0 0 0 0 0 0 0 0 0 0 0 0 0 0 0 0 1 0 0 1 10.66 15.15 70 0 0 0 0 
1 0 12 26 0 0 0 0 0 0 0 0 0 0 0 0 0 0 0 0 0 0 0 0 0 0 1 0 1 10.66 15.15 70 0 0 0 0 
1 0 12 26 0 0 0 0 0 0 0 0 0 0 0 0 0 0 0 0 0 0 0 0 0 0 0 1 1 10.66 13.635 70 7.0015 0 0 0 
1 0 12 27 1 0 0 0 0 0 0 0 0 0 0 0 0 0 0 0 0 0 0 0 0 0 0 0 1 10.66 12.88 70 11.0014 0 0 1 
1 0 12 27 0 1 0 0 0 0 0 0 0 0 0 0 0 0 0 0 0 0 0 0 0 0 0 0 1 10.66 13.635 70 8.9981 0 0 1 
1 0 12 27 0 0 1 0 0 0 0 0 0 0 0 0 0 0 0 0 0 0 0 0 0 0 0 0 1 10.66 13.635 70 8.9981 0 0 1 
1 0 12 27 0 0 0 1 0 0 0 0 0 0 0 0 0 0 0 0 0 0 0 0 0 0 0 0 2 12.3 14.395 61 15.0013 0 0 1 
1 0 12 27 0 0 0 0 1 0 0 0 0 0 0 0 0 0 0 0 0 0 0 0 0 0 0 0 2 12.3 14.395 65 15.0013 0 0 1 
1 0 12 27 0 0 0 0 0 1 0 0 0 0 0 0 0 0 0 0 0 0 0 0 0 0 0 0 2 12.3 13.635 64 19.0012 0 0 1 
1 0 12 27 0 0 0 0 0 0 1 0 0 0 0 0 0 0 0 0 0 0 0 0 0 0 0 0 2 12.3 13.635 61 19.9995 0 0 0 
1 0 12 27 0 0 0 0 0 0 0 1 0 0 0 0 0 0 0 0 0 0 0 0 0 0 0 0 2 12.3 14.395 65 19.0012 0 1 0 
1 0 12 27 0 0 0 0 0 0 0 0 1 0 0 0 0 0 0 0 0 0 0 0 0 0 0 0 2 12.3 15.15 65 11.0014 0 1 0 
1 0 12 27 0 0 0 0 0 0 0 0 0 1 0 0 0 0 0 0 0 0 0 0 0 0 0 0 3 13.12 16.665 66 7.0015 0 1 0 
1 0 12 27 0 0 0 0 0 0 0 0 0 0 1 0 0 0 0 0 0 0 0 0 0 0 0 0 2 13.12 16.665 66 6.0032 0 0 0 
1 0 12 27 0 0 0 0 0 0 0 0 0 0 0 1 0 0 0 0 0 0 0 0 0 0 0 0 3 13.12 16.665 66 7.0015 0 0 0 
1 0 12 27 0 0 0 0 0 0 0 0 0 0 0 0 1 0 0 0 0 0 0 0 0 0 0 0 3 12.3 15.91 81 6.0032 0 0 0 
1 0 12 27 0 0 0 0 0 0 0 0 0 0 0 0 0 1 0 0 0 0 0 0 0 0 0 0 3 12.3 15.15 87 8.9981 0 0 0 
1 0 12 27 0 0 0 0 0 0 0 0 0 0 0 0 0 0 1 0 0 0 0 0 0 0 0 0 3 17.22 21.21 82 26.0027 0 0 0 
1 0 12 27 0 0 0 0 0 0 0 0 0 0 0 0 0 0 0 1 0 0 0 0 0 0 0 0 3 17.22 21.21 82 26.0027 0 0 0 
1 0 12 27 0 0 0 0 0 0 0 0 0 0 0 0 0 0 0 0 1 0 0 0 0 0 0 0 3 18.04 21.97 88 22.0028 0 0 0 
1 0 12 27 0 0 0 0 0 0 0 0 0 0 0 0 0 0 0 0 0 1 0 0 0 0 0 0 3 16.4 20.455 87 8.9981 0 1 0 
1 0 12 27 0 0 0 0 0 0 0 0 0 0 0 0 0 0 0 0 0 0 1 0 0 0 0 0 1 15.58 19.695 87 19.0012 0 1 0 
1 0 12 27 0 0 0 0 0 0 0 0 0 0 0 0 0 0 0 0 0 0 0 1 0 0 0 0 1 13.94 16.665 87 11.0014 0 1 0 
1 0 12 27 0 0 0 0 0 0 0 0 0 0 0 0 0 0 0 0 0 0 0 0 1 0 0 0 1 13.12 16.665 93 6.0032 0 0 0 
1 0 12 27 0 0 0 0 0 0 0 0 0 0 0 0 0 0 0 0 0 0 0 0 0 1 0 0 1 13.12 16.665 87 6.0032 0 0 0 
1 0 12 27 0 0 0 0 0 0 0 0 0 0 0 0 0 0 0 0 0 0 0 0 0 0 1 0 1 13.12 16.665 87 6.0032 0 0 0 
1 0 12 27 0 0 0 0 0 0 0 0 0 0 0 0 0 0 0 0 0 0 0 0 0 0 0 1 1 12.3 15.15 93 8.9981 0 0 0 
1 0 12 28 1 0 0 0 0 0 0 0 0 0 0 0 0 0 0 0 0 0 0 0 0 0 0 0 1 13.12 15.91 87 11.0014 0 0 1 
1 0 12 28 0 1 0 0 0 0 0 0 0 0 0 0 0 0 0 0 0 0 0 0 0 0 0 0 1 13.12 15.91 76 11.0014 0 0 1 
1 0 12 28 0 0 1 0 0 0 0 0 0 0 0 0 0 0 0 0 0 0 0 0 0 0 0 0 1 13.12 15.15 61 16.9979 0 0 1 
1 0 12 28 0 0 0 1 0 0 0 0 0 0 0 0 0 0 0 0 0 0 0 0 0 0 0 0 1 13.12 15.15 61 16.9979 0 0 1 
1 0 12 28 0 0 0 0 0 1 0 0 0 0 0 0 0 0 0 0 0 0 0 0 0 0 0 0 1 13.12 14.395 57 23.9994 0 0 1 
1 0 12 28 0 0 0 0 0 0 1 0 0 0 0 0 0 0 0 0 0 0 0 0 0 0 0 0 1 13.12 15.15 57 16.9979 0 0 0 
1 0 12 28 0 0 0 0 0 0 0 1 0 0 0 0 0 0 0 0 0 0 0 0 0 0 0 0 1 13.12 15.15 57 16.9979 0 1 0 
1 0 12 28 0 0 0 0 0 0 0 0 1 0 0 0 0 0 0 0 0 0 0 0 0 0 0 0 1 13.12 14.395 57 23.9994 0 1 0 
1 0 12 28 0 0 0 0 0 0 0 0 0 1 0 0 0 0 0 0 0 0 0 0 0 0 0 0 1 13.12 15.15 57 22.0028 0 1 0 
1 0 12 28 0 0 0 0 0 0 0 0 0 0 1 0 0 0 0 0 0 0 0 0 0 0 0 0 1 13.94 15.91 57 15.0013 0 0 0 
1 0 12 28 0 0 0 0 0 0 0 0 0 0 0 1 0 0 0 0 0 0 0 0 0 0 0 0 1 14.76 16.665 46 23.9994 0 0 0 
1 0 12 28 0 0 0 0 0 0 0 0 0 0 0 0 1 0 0 0 0 0 0 0 0 0 0 0 1 13.94 14.395 46 36.9974 0 0 0 
1 0 12 28 0 0 0 0 0 0 0 0 0 0 0 0 0 1 0 0 0 0 0 0 0 0 0 0 1 13.94 14.395 39 31.0009 0 0 0 
1 0 12 28 0 0 0 0 0 0 0 0 0 0 0 0 0 0 1 0 0 0 0 0 0 0 0 0 1 13.12 14.395 39 26.0027 0 0 0 
1 0 12 28 0 0 0 0 0 0 0 0 0 0 0 0 0 0 0 1 0 0 0 0 0 0 0 0 1 13.12 14.395 36 27.9993 0 0 0 
1 0 12 28 0 0 0 0 0 0 0 0 0 0 0 0 0 0 0 0 1 0 0 0 0 0 0 0 1 12.3 13.635 36 27.9993 0 0 0 
1 0 12 28 0 0 0 0 0 0 0 0 0 0 0 0 0 0 0 0 0 1 0 0 0 0 0 0 1 11.48 13.635 38 16.9979 0 1 0 
1 0 12 28 0 0 0 0 0 0 0 0 0 0 0 0 0 0 0 0 0 0 1 0 0 0 0 0 1 10.66 11.365 38 22.0028 0 1 0 
1 0 12 28 0 0 0 0 0 0 0 0 0 0 0 0 0 0 0 0 0 0 0 1 0 0 0 0 1 9.84 11.365 41 16.9979 0 1 0 
1 0 12 28 0 0 0 0 0 0 0 0 0 0 0 0 0 0 0 0 0 0 0 0 1 0 0 0 1 9.84 11.365 41 15.0013 0 0 0 
1 0 12 28 0 0 0 0 0 0 0 0 0 0 0 0 0 0 0 0 0 0 0 0 0 1 0 0 1 9.02 11.365 44 8.9981 0 0 0 
1 0 12 28 0 0 0 0 0 0 0 0 0 0 0 0 0 0 0 0 0 0 0 0 0 0 1 0 1 9.02 12.12 44 7.0015 0 0 0 
1 0 12 28 0 0 0 0 0 0 0 0 0 0 0 0 0 0 0 0 0 0 0 0 0 0 0 1 1 9.02 10.605 44 16.9979 0 0 0 
1 0 12 29 1 0 0 0 0 0 0 0 0 0 0 0 0 0 0 0 0 0 0 0 0 0 0 0 2 9.02 11.365 47 12.998 0 0 1 
1 0 12 29 0 1 0 0 0 0 0 0 0 0 0 0 0 0 0 0 0 0 0 0 0 0 0 0 1 9.02 10.605 47 15.0013 0 0 1 
1 0 12 29 0 0 1 0 0 0 0 0 0 0 0 0 0 0 0 0 0 0 0 0 0 0 0 0 1 8.2 11.365 51 7.0015 0 0 1 
1 0 12 29 0 0 0 1 0 0 0 0 0 0 0 0 0 0 0 0 0 0 0 0 0 0 0 0 1 8.2 9.85 55 12.998 0 0 1 
1 0 12 29 0 0 0 0 1 0 0 0 0 0 0 0 0 0 0 0 0 0 0 0 0 0 0 0 1 8.2 10.605 55 11.0014 0 0 1 
1 0 12 29 0 0 0 0 0 1 0 0 0 0 0 0 0 0 0 0 0 0 0 0 0 0 0 0 1 8.2 11.365 55 7.0015 0 0 1 
1 0 12 29 0 0 0 0 0 0 1 0 0 0 0 0 0 0 0 0 0 0 0 0 0 0 0 0 1 8.2 12.88 59 0 0 0 0 
1 0 12 29 0 0 0 0 0 0 0 1 0 0 0 0 0 0 0 0 0 0 0 0 0 0 0 0 1 7.38 10.605 64 6.0032 0 1 0 
1 0 12 29 0 0 0 0 0 0 0 0 1 0 0 0 0 0 0 0 0 0 0 0 0 0 0 0 2 8.2 12.88 64 0 0 1 0 
1 0 12 29 0 0 0 0 0 0 0 0 0 1 0 0 0 0 0 0 0 0 0 0 0 0 0 0 2 8.2 10.605 64 8.9981 0 1 0 
1 0 12 29 0 0 0 0 0 0 0 0 0 0 1 0 0 0 0 0 0 0 0 0 0 0 0 0 2 9.02 11.365 64 11.0014 0 0 0 
1 0 12 29 0 0 0 0 0 0 0 0 0 0 0 1 0 0 0 0 0 0 0 0 0 0 0 0 2 9.84 12.88 60 6.0032 0 0 0 
1 0 12 29 0 0 0 0 0 0 0 0 0 0 0 0 1 0 0 0 0 0 0 0 0 0 0 0 2 10.66 13.635 56 7.0015 0 0 0 
1 0 12 29 0 0 0 0 0 0 0 0 0 0 0 0 0 1 0 0 0 0 0 0 0 0 0 0 2 11.48 14.395 52 7.0015 0 0 0 
1 0 12 29 0 0 0 0 0 0 0 0 0 0 0 0 0 0 1 0 0 0 0 0 0 0 0 0 2 12.3 16.665 52 0 0 0 0 
1 0 12 29 0 0 0 0 0 0 0 0 0 0 0 0 0 0 0 1 0 0 0 0 0 0 0 0 2 12.3 15.91 52 6.0032 0 0 0 
1 0 12 29 0 0 0 0 0 0 0 0 0 0 0 0 0 0 0 0 1 0 0 0 0 0 0 0 1 12.3 15.15 52 11.0014 0 0 0 
1 0 12 29 0 0 0 0 0 0 0 0 0 0 0 0 0 0 0 0 0 1 0 0 0 0 0 0 1 12.3 15.15 61 11.0014 0 1 0 
1 0 12 29 0 0 0 0 0 0 0 0 0 0 0 0 0 0 0 0 0 0 1 0 0 0 0 0 1 12.3 15.15 56 8.9981 0 1 0 
1 0 12 29 0 0 0 0 0 0 0 0 0 0 0 0 0 0 0 0 0 0 0 1 0 0 0 0 1 12.3 15.91 56 7.0015 0 1 0 
1 0 12 29 0 0 0 0 0 0 0 0 0 0 0 0 0 0 0 0 0 0 0 0 1 0 0 0 1 11.48 14.395 65 7.0015 0 0 0 
1 0 12 29 0 0 0 0 0 0 0 0 0 0 0 0 0 0 0 0 0 0 0 0 0 1 0 0 2 11.48 14.395 61 8.9981 0 0 0 
1 0 12 29 0 0 0 0 0 0 0 0 0 0 0 0 0 0 0 0 0 0 0 0 0 0 1 0 1 11.48 14.395 65 8.9981 0 0 0 
1 0 12 29 0 0 0 0 0 0 0 0 0 0 0 0 0 0 0 0 0 0 0 0 0 0 0 1 1 12.3 15.15 65 11.0014 0 0 0 
1 0 12 30 1 0 0 0 0 0 0 0 0 0 0 0 0 0 0 0 0 0 0 0 0 0 0 0 1 11.48 14.395 70 8.9981 0 0 1 
1 0 12 30 0 1 0 0 0 0 0 0 0 0 0 0 0 0 0 0 0 0 0 0 0 0 0 0 1 10.66 14.395 65 6.0032 0 0 1 
1 0 12 30 0 0 1 0 0 0 0 0 0 0 0 0 0 0 0 0 0 0 0 0 0 0 0 0 1 9.84 12.88 70 7.0015 0 0 1 
1 0 12 30 0 0 0 1 0 0 0 0 0 0 0 0 0 0 0 0 0 0 0 0 0 0 0 0 1 9.84 12.88 70 7.0015 0 0 1 
1 0 12 30 0 0 0 0 1 0 0 0 0 0 0 0 0 0 0 0 0 0 0 0 0 0 0 0 1 9.84 12.88 70 6.0032 0 0 1 
1 0 12 30 0 0 0 0 0 1 0 0 0 0 0 0 0 0 0 0 0 0 0 0 0 0 0 0 1 9.02 12.88 75 6.0032 0 0 1 
1 0 12 30 0 0 0 0 0 0 1 0 0 0 0 0 0 0 0 0 0 0 0 0 0 0 0 0 1 9.84 12.88 70 6.0032 0 0 0 
1 0 12 30 0 0 0 0 0 0 0 1 0 0 0 0 0 0 0 0 0 0 0 0 0 0 0 0 1 9.84 12.88 75 6.0032 0 1 0 
1 0 12 30 0 0 0 0 0 0 0 0 1 0 0 0 0 0 0 0 0 0 0 0 0 0 0 0 2 9.84 12.88 75 6.0032 0 1 0 
1 0 12 30 0 0 0 0 0 0 0 0 0 1 0 0 0 0 0 0 0 0 0 0 0 0 0 0 1 10.66 15.15 75 0 0 1 0 
1 0 12 30 0 0 0 0 0 0 0 0 0 0 1 0 0 0 0 0 0 0 0 0 0 0 0 0 1 12.3 14.395 65 16.9979 0 0 0 
1 0 12 30 0 0 0 0 0 0 0 0 0 0 0 1 0 0 0 0 0 0 0 0 0 0 0 0 1 13.12 15.91 66 12.998 0 0 0 
1 0 12 30 0 0 0 0 0 0 0 0 0 0 0 0 1 0 0 0 0 0 0 0 0 0 0 0 1 13.12 16.665 57 8.9981 0 0 0 
1 0 12 30 0 0 0 0 0 0 0 0 0 0 0 0 0 1 0 0 0 0 0 0 0 0 0 0 2 14.76 17.425 53 8.9981 0 0 0 
1 0 12 30 0 0 0 0 0 0 0 0 0 0 0 0 0 0 1 0 0 0 0 0 0 0 0 0 2 16.4 20.455 47 6.0032 0 0 0 
1 0 12 30 0 0 0 0 0 0 0 0 0 0 0 0 0 0 0 1 0 0 0 0 0 0 0 0 1 17.22 21.21 44 0 0 0 0 
1 0 12 30 0 0 0 0 0 0 0 0 0 0 0 0 0 0 0 0 1 0 0 0 0 0 0 0 1 17.22 21.21 47 12.998 0 0 0 
1 0 12 30 0 0 0 0 0 0 0 0 0 0 0 0 0 0 0 0 0 1 0 0 0 0 0 0 1 15.58 19.695 54 11.0014 0 1 0 
1 0 12 30 0 0 0 0 0 0 0 0 0 0 0 0 0 0 0 0 0 0 1 0 0 0 0 0 1 14.76 17.425 62 8.9981 0 1 0 
1 0 12 30 0 0 0 0 0 0 0 0 0 0 0 0 0 0 0 0 0 0 0 1 0 0 0 0 2 13.94 15.15 49 27.9993 0 1 0 
1 0 12 30 0 0 0 0 0 0 0 0 0 0 0 0 0 0 0 0 0 0 0 0 1 0 0 0 2 13.94 17.425 66 7.0015 0 0 0 
1 0 12 30 0 0 0 0 0 0 0 0 0 0 0 0 0 0 0 0 0 0 0 0 0 1 0 0 2 14.76 18.18 66 7.0015 0 0 0 
1 0 12 30 0 0 0 0 0 0 0 0 0 0 0 0 0 0 0 0 0 0 0 0 0 0 1 0 2 13.94 16.665 71 11.0014 0 0 0 
1 0 12 30 0 0 0 0 0 0 0 0 0 0 0 0 0 0 0 0 0 0 0 0 0 0 0 1 2 14.76 16.665 66 16.9979 0 0 0 
1 0 12 31 1 0 0 0 0 0 0 0 0 0 0 0 0 0 0 0 0 0 0 0 0 0 0 0 2 15.58 19.695 62 22.0028 1 0 0 
1 0 12 31 0 1 0 0 0 0 0 0 0 0 0 0 0 0 0 0 0 0 0 0 0 0 0 0 2 16.4 20.455 62 19.0012 1 0 0 
1 0 12 31 0 0 1 0 0 0 0 0 0 0 0 0 0 0 0 0 0 0 0 0 0 0 0 0 2 16.4 20.455 62 19.0012 1 0 0 
1 0 12 31 0 0 0 1 0 0 0 0 0 0 0 0 0 0 0 0 0 0 0 0 0 0 0 0 2 16.4 20.455 62 19.0012 1 0 1 
1 0 12 31 0 0 0 0 1 0 0 0 0 0 0 0 0 0 0 0 0 0 0 0 0 0 0 0 1 15.58 19.695 71 15.0013 1 0 1 
1 0 12 31 0 0 0 0 0 1 0 0 0 0 0 0 0 0 0 0 0 0 0 0 0 0 0 0 2 14.76 17.425 76 15.0013 1 0 1 
1 0 12 31 0 0 0 0 0 0 1 0 0 0 0 0 0 0 0 0 0 0 0 0 0 0 0 0 2 16.4 20.455 71 6.0032 1 0 1 
1 0 12 31 0 0 0 0 0 0 0 1 0 0 0 0 0 0 0 0 0 0 0 0 0 0 0 0 3 15.58 19.695 76 0 1 0 1 
1 0 12 31 0 0 0 0 0 0 0 0 1 0 0 0 0 0 0 0 0 0 0 0 0 0 0 0 1 13.94 16.665 81 8.9981 1 0 1 
1 0 12 31 0 0 0 0 0 0 0 0 0 1 0 0 0 0 0 0 0 0 0 0 0 0 0 0 1 15.58 19.695 76 0 1 0 0 
1 0 12 31 0 0 0 0 0 0 0 0 0 0 1 0 0 0 0 0 0 0 0 0 0 0 0 0 1 16.4 20.455 76 11.0014 1 0 0 
1 0 12 31 0 0 0 0 0 0 0 0 0 0 0 1 0 0 0 0 0 0 0 0 0 0 0 0 1 17.22 21.21 71 11.0014 1 0 0 
1 0 12 31 0 0 0 0 0 0 0 0 0 0 0 0 1 0 0 0 0 0 0 0 0 0 0 0 1 21.32 25 39 19.9995 1 1 0 
1 0 12 31 0 0 0 0 0 0 0 0 0 0 0 0 0 1 0 0 0 0 0 0 0 0 0 0 1 20.5 24.24 42 32.9975 1 1 0 
1 0 12 31 0 0 0 0 0 0 0 0 0 0 0 0 0 0 1 0 0 0 0 0 0 0 0 0 1 18.86 22.725 51 22.0028 1 1 0 
1 0 12 31 0 0 0 0 0 0 0 0 0 0 0 0 0 0 0 1 0 0 0 0 0 0 0 0 1 18.86 22.725 47 32.9975 1 1 0 
1 0 12 31 0 0 0 0 0 0 0 0 0 0 0 0 0 0 0 0 1 0 0 0 0 0 0 0 1 18.04 21.97 51 26.0027 1 1 0 
1 0 12 31 0 0 0 0 0 0 0 0 0 0 0 0 0 0 0 0 0 1 0 0 0 0 0 0 1 17.22 21.21 54 12.998 1 0 0 
1 0 12 31 0 0 0 0 0 0 0 0 0 0 0 0 0 0 0 0 0 0 1 0 0 0 0 0 1 17.22 21.21 54 8.9981 1 0 0 
1 0 12 31 0 0 0 0 0 0 0 0 0 0 0 0 0 0 0 0 0 0 0 1 0 0 0 0 1 17.22 21.21 54 15.0013 1 0 0 
1 0 12 31 0 0 0 0 0 0 0 0 0 0 0 0 0 0 0 0 0 0 0 0 1 0 0 0 1 17.22 21.21 54 15.0013 1 0 0 
1 0 12 31 0 0 0 0 0 0 0 0 0 0 0 0 0 0 0 0 0 0 0 0 0 1 0 0 1 16.4 20.455 58 12.998 1 0 0 
1 0 12 31 0 0 0 0 0 0 0 0 0 0 0 0 0 0 0 0 0 0 0 0 0 0 1 0 1 15.58 19.695 62 8.9981 1 0 0 
1 0 12 31 0 0 0 0 0 0 0 0 0 0 0 0 0 0 0 0 0 0 0 0 0 0 0 1 1 14.76 18.94 66 0 1 0 0 
