15
12
10
7
7
8
46
237
336
257
117
76
103
100
70
65
79
280
282
98
50
30
31
21
11
9
10
11
6
6
15
136
216
95
75
68
65
65
44
47
63
104
114
84
59
37
30
25
14
11
10
4
4
4
4
5
9
27
34
48
59
84
69
66
63
29
16
15
15
11
9
9
17
13
11
4
4
5
3
4
8
29
32
44
87
112
99
128
102
41
29
31
20
15
11
11
12
8
6
7
6
26
85
180
104
76
74
86
26
18
17
25
69
89
65
15
14
20
11
6
5
5
5
5
11
64
183
105
93
125
140
199
190
160
93
126
114
81
36
33
25
17
8
5
5
5
6
5
13
36
92
52
24
21
19
19
16
19
23
46
55
54
16
23
9
9
6
4
4
5
5
8
24
74
155
118
87
89
130
144
46
56
73
111
90
87
63
29
19
17
9
10
9
6
7
7
28
78
156
105
74
115
135
148
121
148
168
161
125
78
40
33
25
21
18
13
13
5
4
4
4
5
10
31
18
21
33
34
50
57
82
41
34
20
15
15
11
10
23
16
16
6
6
6
4
8
19
51
60
77
105
126
130
131
106
49
25
63
31
28
20
18
20
14
12
13
10
12
34
85
179
131
84
115
111
151
122
143
124
184
139
102
59
99
83
61
