105
85
50
27
28
28
29
29
53
103
119
223
362
410
424
477
501
333
332
200
289
136
105
86
86
70
60
27
27
28
28
29
64
118
172
195
362
506
508
510
509
250
427
246
260
207
165
103
41
35
31
35
33
33
160
347
513
353
263
329
372
446
473
475
499
515
515
513
344
282
220
160
56
38
32
30
31
40
111
487
511
393
264
323
369
312
321
374
495
515
514
512
371
275
216
206
75
52
34
56
66
75
128
372
512
345
226
334
352
358
341
379
484
514
514
505
335
241
170
101
29
28
27
28
28
28
93
367
502
291
172
217
283
286
253
295
428
514
512
411
188
123
127
88
30
27
27
27
28
28
88
199
484
244
146
164
198
209
181
197
368
512
508
417
210
175
125
91
95
81
69
28
29
30
33
39
95
190
250
300
422
423
391
501
513
464
459
375
210
157
126
97
108
93
83
30
30
32
32
34
79
189
226
267
420
380
384
216
297
162
152
138
124
144
89
78
31
30
29
30
30
33
109
348
504
286
192
174
170
158
239
266
371
513
510
512
384
230
204
166
35
34
28
28
28
28
96
427
497
315
220
195
202
242
224
239
346
513
512
470
331
246
165
109
33
28
28
28
29
29
84
303
478
255
156
187
255
245
222
225
322
499
492
342
312
162
116
80
29
28
27
27
28
28
109
375
505
308
217
263
297
303
286
305
428
514
514
479
370
252
158
108
30
28
28
28
28
28
83
337
501
270
157
230
294
280
304
318
425
514
514
497
338
211
148
101
133
66
74
27
27
28
29
29
68
186
305
374
510
507
507
512
514
502
481
349
243
238
185
93
119
68
71
28
29
30
34
37
87
172
192
234
414
419
413
415
468
377
199
299
255
166
140
87
42
31
29
30
29
35
101
336
505
305
180
214
237
217
202
234
198
502
502
406
277
213
158
86
52
36
30
40
41
43
138
432
514
352
268
338
251
384
314
330
459
514
514
501
361
267
213
147
37
30
28
28
28
30
105
385
501
298
211
301
312
326
307
316
442
514
514
499
357
241
200
117
