114
91
47
21
24
23
23
24
43
108
130
236
350
398
418
481
494
300
289
192
293
141
113
85
78
62
53
21
21
21
21
24
50
127
173
209
354
528
536
535
522
231
421
246
258
223
171
115
24
25
23
31
27
25
167
342
541
346
273
330
359
396
407
408
530
542
542
539
323
284
222
162
33
27
23
23
23
31
118
505
538
368
273
327
358
311
313
345
521
542
542
537
343
268
210
195
59
48
27
64
72
82
132
369
541
337
229
346
348
352
341
359
493
542
542
531
307
227
167
102
20
20
19
20
20
20
98
337
534
293
178
227
291
296
258
300
398
542
539
405
162
122
131
83
20
19
19
19
21
19
79
161
510
244
154
168
200
213
185
201
365
540
535
421
182
170
128
82
94
73
58
24
25
24
25
35
94
208
250
312
424
421
393
522
535
485
469
361
198
162
133
106
116
98
79
28
27
29
23
30
67
207
232
290
425
387
383
220
263
157
150
143
126
149
85
56
19
20
19
22
22
23
116
351
531
296
197
169
175
163
234
265
368
541
536
536
357
221
199
166
21
25
20
19
20
19
95
431
530
322
228
197
200
245
221
239
341
541
540
485
306
236
163
112
23
20
19
21
23
22
74
278
499
253
161
189
256
247
218
224
316
531
521
336
287
154
116
65
19
19
19
19
19
20
118
357
536
313
223
277
304
311
291
307
405
542
541
495
333
241
156
112
20
19
19
20
20
20
73
318
530
277
168
239
301
292
307
317
410
542
542
516
315
204
149
100
141
56
73
21
21
22
22
26
58
195
299
393
534
529
534
538
539
532
500
344
228
265
191
99
127
55
59
23
25
25
26
35
82
184
203
257
418
421
415
414
453
361
188
291
249
171
146
79
23
21
20
22
20
25
104
336
531
307
185
211
240
220
201
234
209
531
523
416
263
204
156
68
26
23
20
37
39
36
149
433
541
344
270
336
242
362
315
329
451
542
542
526
333
261
208
149
25
21
19
21
20
22
111
378
527
306
218
308
317
326
306
316
430
542
542
523
332
233
196
121
33
33
33
31
31
31
52
176
188
186
127
146
166
169
148
136
127
187
184
101
52
43
36
38
31
31
31
31
31
31
36
174
187
176
122
126
129
134
99
97
122
172
158
152
106
57
51
42
32
31
31
30
30
30
30
30
31
42
41
58
108
152
125
116
129
60
36
32
36
32
31
31
32
32
32
30
30
30
30
30
30
43
38
50
157
174
160
178
180
95
73
53
43
35
32
32
31
31
31
31
30
43
168
188
180
114
115
144
59
41
38
41
130
119
81
34
33
38
32
30
30
30
31
30
32
96
187
176
139
171
174
187
184
179
169
187
184
146
77
62
52
36
31
30
30
30
30
30
33
46
124
83
34
34
36
38
34
38
41
114
115
87
42
42
31
31
30
30
30
30
30
31
40
154
187
175
96
99
146
157
52
64
109
184
167
129
93
44
37
34
31
31
31
31
31
31
39
162
187
169
93
141
163
172
150
170
181
187
185
112
70
48
45
38
33
31
32
30
30
30
30
30
31
41
33
32
47
51
65
81
136
55
51
32
32
32
31
31
33
31
32
30
30
30
30
30
31
47
43
62
120
137
137
141
139
68
37
71
42
34
32
31
31
31
31
31
31
31
37
143
184
173
77
112
114
159
135
155
141
187
186
143
83
101
98
61
